				8kHz						10kHz						13kHz						16kHz						20kHz						23kHz						26kHz						30kHz						
PInG	Trigger	L1 seed	Proposed dataset	L1 Rate (Unprescaled)	L1 Prescale	L1 Rate (Prescaled)	Unprescaled rate	HLT Prescale	Prescaled rate	L1 Rate (Unprescaled)	L1 Prescale	L1 Rate (Prescaled)	Unprescaled rate	HLT Prescale	Prescaled rate	L1 Rate (Unprescaled)	L1 Prescale	L1 Rate (Prescaled)	Unprescaled rate	HLT Prescale	Prescaled rate	L1 Rate (Unprescaled)	L1 Prescale	L1 Rate (Prescaled)	Unprescaled rate	HLT Prescale	Prescaled rate	L1 Rate (Unprescaled)	L1 Prescale	L1 Rate (Prescaled)	Unprescaled rate	HLT Prescale	Prescaled rate	L1 Rate (Unprescaled)	L1 Prescale	L1 Rate (Prescaled)	Unprescaled rate	HLT Prescale	Prescaled rate	L1 Rate (Unprescaled)	L1 Prescale	L1 Rate (Prescaled)	Unprescaled rate	HLT Prescale	Prescaled rate	L1 Rate (Unprescaled)	L1 Prescale	L1 Rate (Prescaled)	Unprescaled rate	HLT Prescale	Prescaled rate	EvtSize (KB)
	HLT_HIMinimumBias_part0_v1	L1_MinimumBiasHF1_AND_BptxAND	AAHIMinimumBiasN	8000	1	8000	8000	16	500	10000	1	10000	10000	20	500	13000	1	13000	13000	26	500	16000	1	16000	16000	32	500	20000	1	20000	20000	40	500	23000	2	11500	23000	23	500	26000	2	13000	26000	26	500	30000	2	15000	30000	30	500	1000
																																																				
																																																				
DiLepton	HLT_HIL1DoubleMuOpen_v1	L1_DoubleMuOpen_BptxAND	HIDoubleMuon	274.4	1	274.4	274.4	139	1.97	343	1	343	343	71	4.83	445.9	1	445.9	445.9	89	5.01011236	548.8	1	548.8	548.8	113	4.856637168	686	1	686	686	139	4.94	788.9	1	788.9	788.9	167	4.723952096	891.8	1	891.8	891.8	191	4.669109948	1029	1	1029	1029	211	4.88	3000
	HLT_HIL1DoubleMuOpen_OS_Centrality_40_100_v1	L1_DoubleMuOpen_Centrality_40_100_BptxAND	HIDoubleMuon	6.9	1	6.9152	6.9	1	6.92	8.6	1	8.644	8.6	1	8.64	11.2	1	11.2372	11.2	1	11.2372	13.8	1	13.8304	13.8	1	13.8304	17.3	1	17.288	17.3	1	17.29	19.9	1	19.8812	19.9	1	19.8812	22.5	1	22.4744	22.5	1	22.4744	25.9	1	25.932	25.9	1	25.93	300
	HLT_HIL1DoubleMuOpen_Centrality_50_100_v1	L1_DoubleMuOpen_Centrality_50_100_BptxAND	HIDoubleMuon	3.7	1	3.68	3.7	1	3.68	4.6	1	4.6	4.6	1	4.6	6	1	5.98	6	1	5.98	7.4	1	7.36	7.4	1	7.36	9.2	1	9.2	9.2	1	9.2	10.6	1	10.58	10.6	1	10.58	12	1	11.96	12	1	11.96	13.8	1	13.8	13.8	1	13.8	220
	HLT_HIL1DoubleMu10_v1	L1_DoubleMu10_BptxAND	HIDoubleMuon	0.2	1	0.208	0.2	1	0.21	0.3	1	0.26	0.3	1	0.26	0.3	1	0.338	0.3	1	0.338	0.4	1	0.416	0.4	1	0.416	0.5	1	0.52	0.5	1	0.52	0.6	1	0.598	0.6	1	0.598	0.7	1	0.676	0.7	1	0.676	0.8	1	0.78	0.8	1	0.78	3000
	HLT_HIL2_L1DoubleMu10_v1	L1_DoubleMu10_BptxAND	HIDoubleMuon	0.2	1	0.208	0.2	1	0.19	0.3	1	0.26	0.2	1	0.24	0.3	1	0.338	0.3	1	0.312	0.4	1	0.416	0.4	1	0.384	0.5	1	0.52	0.5	1	0.48	0.6	1	0.598	0.6	1	0.552	0.7	1	0.676	0.6	1	0.624	0.8	1	0.78	0.7	1	0.72	3000
	HLT_HIL3_L1DoubleMu10_v1	L1_DoubleMu10_BptxAND	HIDoubleMuon	0.2	1	0.208	0.2	1	0.19	0.3	1	0.26	0.2	1	0.24	0.3	1	0.338	0.3	1	0.312	0.4	1	0.416	0.4	1	0.384	0.5	1	0.52	0.5	1	0.48	0.6	1	0.598	0.6	1	0.552	0.7	1	0.676	0.6	1	0.624	0.8	1	0.78	0.7	1	0.72	3000
	HLT_HIL2DoubleMuOpen_v1	L1_DoubleMuOpen_BptxAND	HIDoubleMuon	274.4	1	274.4	169.4	89	1.9	343	1	343	211.8	37	5.72	445.9	1	445.9	275.3	53	5.19509434	548.8	1	548.8	338.9	61	5.555409836	686	1	686	423.6	79	5.36	788.9	1	788.9	487.1	97	5.022061856	891.8	1	891.8	550.7	109	5.052110092	1029	1	1029	635.4	127	5	3000
223	HLT_HIL3DoubleMuOpen_v1	L1_DoubleMuOpen_BptxAND	HIDoubleMuon	274.4	1	274.4	5.3	1	5.28	343	1	343	6.6	1	6.6	445.9	1	445.9	8.6	1	8.58	548.8	1	548.8	10.6	1	10.56	686	1	686	13.2	1	13.2	788.9	1	788.9	15.2	1	15.18	891.8	1	891.8	17.2	1	17.16	1029	1	1029	19.8	1	19.8	3000
11	HLT_HIL3DoubleMuOpen_M60120_v1	L1_DoubleMuOpen_BptxAND	HIDoubleMuon	274.4	1	274.4	0	1	0	343	1	343	0	1	0	445.9	1	445.9	0	1	0	548.8	1	548.8	0	1	0	686	1	686	0	1	0	788.9	1	788.9	0	1	0	891.8	1	891.8	0	1	0	1029	1	1029	0	1	0	3000
3	HLT_HIL3DoubleMuOpen_JpsiPsi_v1	L1_DoubleMuOpen_BptxAND	HIDoubleMuon	274.4	1	274.4	0.8	1	0.76	343	1	343	1	1	0.95	445.9	1	445.9	1.2	1	1.235	548.8	1	548.8	1.5	1	1.52	686	1	686	1.9	1	1.9	788.9	1	788.9	2.2	1	2.185	891.8	1	891.8	2.5	1	2.47	1029	1	1029	2.9	1	2.85	3000
1	HLT_HIL3DoubleMuOpen_Upsi_v1	L1_DoubleMuOpen_BptxAND	HIDoubleMuon	274.4	1	274.4	0.7	1	0.72	343	1	343	0.9	1	0.9	445.9	1	445.9	1.2	1	1.17	548.8	1	548.8	1.4	1	1.44	686	1	686	1.8	1	1.8	788.9	1	788.9	2.1	1	2.07	891.8	1	891.8	2.3	1	2.34	1029	1	1029	2.7	1	2.7	3000
1	HLT_HIL3Mu0_L2Mu0_v1	L1_DoubleMuOpen_BptxAND	HIDoubleMuon	274.4	1	274.4	36.8	19	1.94	343	1	343	46	11	4.18	445.9	1	445.9	59.8	13	4.6	548.8	1	548.8	73.6	13	5.661538462	686	1	686	92	19	4.84	788.9	1	788.9	105.8	19	5.568421053	891.8	1	891.8	119.6	23	5.2	1029	1	1029	138	29	4.76	3000
1	HLT_HIL3Mu0NHitQ10_L2Mu0_MAXdR3p5_M1to5_v1	L1_DoubleMuOpen_MaxDr3p5_BptxAND	HIDoubleMuon	274.4	1	274.4	7.7	1	7.68	343	1	343	9.6	1	9.6	445.9	1	445.9	12.5	1	12.4852	548.8	1	548.8	15.4	1	15.3664	686	1	686	19.2	1	19.21	788.9	1	788.9	22.1	1	22.0892	891.8	1	891.8	25	1	24.9704	1029	1	1029	28.8	1	28.81	3000
	HLT_HIL3Mu2p5NHitQ10_L2Mu2_M7toinf_v1	L1_DoubleMuOpen_BptxAND	HIDoubleMuon	274.4	1	274.4	10.4	1	10.37	343	1	343	13	1	12.96	445.9	1	445.9	16.8	1	16.8454	548.8	1	548.8	20.7	1	20.7328	686	1	686	25.9	1	25.92	788.9	1	788.9	29.8	1	29.8034	891.8	1	891.8	33.7	1	33.6908	1029	1	1029	38.9	1	38.87	3000
	HLT_HIL3Mu3_L1TripleMuOpen_v1	L1_SingleMuOpen_BptxAND	HIDoubleMuon	1255.4	1	1255.36	13.6	7	1.94	1569.2	1	1569.2	17	2	8.5	2040	1	2039.96	22.1	3	7.366666667	2510.7	1	2510.72	27.2	5	5.44	3138.4	1	3138.4	34	7	4.86	3609.2	1	3609.16	39.1	7	5.585714286	4079.9	1	4079.92	44.2	11	4.018181818	4707.6	1	4707.6	51	13	3.92	3000
																																																				
	HLT_HIL1MuOpen_Centrality_70_100_v1	L1_SingleMuOpen_Centrality_70_100_MinimumBiasHF1_AND_BptxAND	HISingleMuon	17	1	17.04	17	0	#DIV/0!	21.3	1	21.3	21.3	0	#DIV/0!	27.7	1	27.69	27.7	0	#DIV/0!	34.1	1	34.08	34.1	0	#DIV/0!	42.6	1	42.6	42.6	0	#DIV/0!	49	1	48.99	49	0	#DIV/0!	55.4	1	55.38	55.4	0	#DIV/0!	63.9	1	63.9	63.9	0	#DIV/0!	130
	HLT_HIL1MuOpen_Centrality_80_100_v1	L1_SingleMuOpen_Centrality_80_100_MinimumBiasHF1_AND_BptxAND	HISingleMuon	5.8	1	5.848	5.8	1	5.85	7.3	1	7.31	7.3	1	7.31	9.5	1	9.503	9.5	1	9.503	11.7	1	11.696	11.7	1	11.696	14.6	1	14.62	14.6	1	14.62	16.8	1	16.813	16.8	1	16.813	19	1	19.006	19	1	19.006	21.9	1	21.93	21.9	1	21.93	110
	HLT_HIL2Mu3_NHitQ15_v1	L1_SingleMuOpen_BptxAND	HISingleMuon	1255.4	1	1255.36	257.6	197	1.31	1569.2	1	1569.2	322	251	1.28	2040	1	2039.96	418.6	331	1.264652568	2510.7	1	2510.72	515.2	401	1.28478803	3138.4	1	3138.4	644	509	1.27	3609.2	1	3609.16	740.6	571	1.297022767	4079.9	1	4079.92	837.2	653	1.282082695	4707.6	1	4707.6	966	739	1.31	3000
	HLT_HIL2Mu5_NHitQ15_v1	L1_SingleMuOpen_BptxAND	HISingleMuon	1255.4	1	1255.36	85.3	67	1.27	1569.2	1	1569.2	106.6	89	1.2	2040	1	2039.96	138.6	107	1.295140187	2510.7	1	2510.72	170.6	131	1.301984733	3138.4	1	3138.4	213.2	173	1.23	3609.2	1	3609.16	245.2	191	1.283664921	4079.9	1	4079.92	277.2	211	1.313554502	4707.6	1	4707.6	319.8	251	1.27	3000
	HLT_HIL2Mu7_NHitQ15_v1	L1_SingleMuOpen_BptxAND	HISingleMuon	1255.4	1	1255.36	27.4	23	1.19	1569.2	1	1569.2	34.2	29	1.18	2040	1	2039.96	44.5	37	1.201621622	2510.7	1	2510.72	54.7	43	1.27255814	3138.4	1	3138.4	68.4	53	1.29	3609.2	1	3609.16	78.7	61	1.289508197	4079.9	1	4079.92	88.9	71	1.252394366	4707.6	1	4707.6	102.6	79	1.3	3000
	HLT_HIL3Mu12_v1	L1_SingleMuOpen_BptxAND	HISingleMuon	1255.4	1	1255.36	4	1	4	1569.2	1	1569.2	5	1	5	2040	1	2039.96	6.5	1	6.5	2510.7	1	2510.72	8	1	8	3138.4	1	3138.4	10	1	10	3609.2	1	3609.16	11.5	1	11.5	4079.9	1	4079.92	13	1	13	4707.6	1	4707.6	15	1	15	3000
	HLT_HIL3Mu15_v1	L1_SingleMuOpen_BptxAND	HISingleMuon	1255.4	1	1255.36	1.9	1	1.92	1569.2	1	1569.2	2.4	1	2.4	2040	1	2039.96	3.1	1	3.12	2510.7	1	2510.72	3.8	1	3.84	3138.4	1	3138.4	4.8	1	4.8	3609.2	1	3609.16	5.5	1	5.52	4079.9	1	4079.92	6.2	1	6.24	4707.6	1	4707.6	7.2	1	7.2	3000
	HLT_HIL3Mu20_v1	L1_SingleMuOpen_BptxAND	HISingleMuon	1255.4	1	1255.36	1.1	1	1.07	1569.2	1	1569.2	1.3	1	1.34	2040	1	2039.96	1.7	1	1.742	2510.7	1	2510.72	2.1	1	2.144	3138.4	1	3138.4	2.7	1	2.68	3609.2	1	3609.16	3.1	1	3.082	4079.9	1	4079.92	3.5	1	3.484	4707.6	1	4707.6	4	1	4.02	3000
	HLT_HIL3Mu3_NHitQ10_v1	L1_SingleMuOpen_BptxAND	HISingleMuon	1255.4	1	1255.36	137.3	13	10.56	1569.2	1	1569.2	171.6	13	13.2	2040	1	2039.96	223.1	19	11.74105263	2510.7	1	2510.72	274.6	19	14.45052632	3138.4	1	3138.4	343.2	11	31.2	3609.2	1	3609.16	394.7	11	35.88	4079.9	1	4079.92	446.2	13	34.32	4707.6	1	4707.6	514.8	19	27.09	3000
	HLT_HIL3Mu5_NHitQ10_v1	L1_SingleMuOpen_BptxAND	HISingleMuon	1255.4	1	1255.36	54.7	5	10.94	1569.2	1	1569.2	68.4	7	9.77	2040	1	2039.96	88.9	7	12.70285714	2510.7	1	2510.72	109.4	11	9.949090909	3138.4	1	3138.4	136.8	3	45.6	3609.2	1	3609.16	157.3	5	31.464	4079.9	1	4079.92	177.8	5	35.568	4707.6	1	4707.6	205.2	7	29.31	3000
	HLT_HIL3Mu7_NHitQ10_v1	L1_SingleMuOpen_BptxAND	HISingleMuon	1255.4	1	1255.36	19.8	2	9.92	1569.2	1	1569.2	24.8	3	8.27	2040	1	2039.96	32.2	3	10.74666667	2510.7	1	2510.72	39.7	5	7.936	3138.4	1	3138.4	49.6	2	24.8	3609.2	1	3609.16	57	2	28.52	4079.9	1	4079.92	64.5	3	21.49333333	4707.6	1	4707.6	74.4	3	24.8	3000
	HLT_HIL3Mu3Eta2p5_PuAK4CaloJet40Eta2p1_v1	L1_SingleMuOpen_SingleJet28_MidEta2p7_BptxAND	HISingleMuon	991.2	1	991.2	57.038	41	1.391170732	1239	1	1239	71.3	53	1.345235849	1610.7	1	1610.7	92.7	67	1.383384328	1982.4	1	1982.4	114.1	83	1.374409639	2478	1	2478	142.6	103	1.384417476	2849.7	1	2849.7	164	119	1.378018908	3221.4	1	3221.4	185.4	137	1.353091241	3717	1	3717	213.9	157	1.362372611	3000
	HLT_HIL3Mu3Eta2p5_PuAK4CaloJet60Eta2p1_v1	L1_SingleMuOpen_SingleJet44_MidEta2p7_BptxAND	HISingleMuon	658.7	1	658.7	4.27	1	4.27	823.4	1	823.375	5.3	1	5.3375	1070.4	1	1070.3875	6.9	1	6.93875	1317.4	1	1317.4	8.5	1	8.54	1646.8	1	1646.75	10.7	2	5.3375	1893.8	1	1893.7625	12.3	2	6.138125	2140.8	1	2140.775	13.9	3	4.625833333	2470.1	1	2470.125	16	3	5.3375	3000
	HLT_HIL3Mu3Eta2p5_PuAK4CaloJet80Eta2p1_v1	L1_SingleMuOpen_SingleJet56_MidEta2p7_BptxAND	HISingleMuon	374.6	1	374.6	0.793	1	0.793	468.3	1	468.25	1	1	0.99125	608.7	1	608.725	1.3	1	1.288625	749.2	1	749.2	1.6	1	1.586	936.5	1	936.5	2	1	1.9825	1077	1	1076.975	2.3	1	2.279875	1217.5	1	1217.45	2.6	1	2.57725	1404.8	1	1404.75	3	1	2.97375	3000
	HLT_HIL3Mu3Eta2p5_PuAK4CaloJet100Eta2p1_v1	L1_SingleMuOpen_SingleJet64_MidEta2p7_BptxAND	HISingleMuon	208.5	1	208.5	0.324	1	0.324	260.6	1	260.625	0.4	1	0.405	338.8	1	338.8125	0.5	1	0.5265	417	1	417	0.6	1	0.648	521.3	1	521.25	0.8	1	0.81	599.4	1	599.4375	0.9	1	0.9315	677.6	1	677.625	1.1	1	1.053	781.9	1	781.875	1.2	1	1.215	3000
	HLT_HIL3Mu5Eta2p5_PuAK4CaloJet40Eta2p1_v1	L1_SingleMuOpen_SingleJet28_MidEta2p7_BptxAND	HISingleMuon	991.2	1	991.2	26.357	13	2.027461538	1239	1	1239	32.9	5	6.58925	1610.7	1	1610.7	42.8	5	8.566025	1982.4	1	1982.4	52.7	7	7.530571429	2478	1	2478	65.9	7	9.413214286	2849.7	1	2849.7	75.8	11	6.888761364	3221.4	1	3221.4	85.7	13	6.58925	3717	1	3717	98.8	13	7.602980769	3000
	HLT_HIL3Mu5Eta2p5_PuAK4CaloJet60Eta2p1_v1	L1_SingleMuOpen_SingleJet44_MidEta2p7_BptxAND	HISingleMuon	658.7	1	658.7	1.982	1	1.982	823.4	1	823.375	2.5	1	2.4775	1070.4	1	1070.3875	3.2	1	3.22075	1317.4	1	1317.4	4	1	3.964	1646.8	1	1646.75	5	1	4.955	1893.8	1	1893.7625	5.7	1	5.69825	2140.8	1	2140.775	6.4	1	6.4415	2470.1	1	2470.125	7.4	1	7.4325	3000
	HLT_HIL3Mu5Eta2p5_PuAK4CaloJet80Eta2p1_v1	L1_SingleMuOpen_SingleJet56_MidEta2p7_BptxAND	HISingleMuon	374.6	1	374.6	0.468	1	0.468	468.3	1	468.25	0.6	1	0.585	608.7	1	608.725	0.8	1	0.7605	749.2	1	749.2	0.9	1	0.936	936.5	1	936.5	1.2	1	1.17	1077	1	1076.975	1.3	1	1.3455	1217.5	1	1217.45	1.5	1	1.521	1404.8	1	1404.75	1.8	1	1.755	3000
	HLT_HIL3Mu5Eta2p5_PuAK4CaloJet100Eta2p1_v1	L1_SingleMuOpen_SingleJet64_MidEta2p7_BptxAND	HISingleMuon	208.5	1	208.5	0.18	1	0.18	260.6	1	260.625	0.2	1	0.225	338.8	1	338.8125	0.3	1	0.2925	417	1	417	0.4	1	0.36	521.3	1	521.25	0.5	1	0.45	599.4	1	599.4375	0.5	1	0.5175	677.6	1	677.625	0.6	1	0.585	781.9	1	781.875	0.7	1	0.675	3000
	HLT_HIL3Mu3Eta2p5_PuAK4CaloJet40Eta2p1_FilterDr_v1	L1_SingleMuOpen_SingleJet28_MidEta2p7_BptxAND	HISingleMuon	991.2	1	991.2	49.58	37	1.34	1239	1	1239	62	47	1.318617021	1610.7	1	1610.7	80.6	59	1.365550847	1982.4	1	1982.4	99.2	73	1.358356164	2478	1	2478	124	89	1.392696629	2849.7	1	2849.7	142.5	107	1.332172897	3221.4	1	3221.4	161.1	117	1.377222222	3717	1	3717	185.9	137	1.357116788	3000
	HLT_HIL3Mu3Eta2p5_PuAK4CaloJet60Eta2p1_FilterDr_v1	L1_SingleMuOpen_SingleJet44_MidEta2p7_BptxAND	HISingleMuon	658.7	1	658.7	3.369	1	3.369	823.4	1	823.375	4.2	1	4.21125	1070.4	1	1070.3875	5.5	1	5.474625	1317.4	1	1317.4	6.7	1	6.738	1646.8	1	1646.75	8.4	2	4.21125	1893.8	1	1893.7625	9.7	2	4.8429375	2140.8	1	2140.775	10.9	2	5.474625	2470.1	1	2470.125	12.6	2	6.316875	3000
	HLT_HIL3Mu3Eta2p5_PuAK4CaloJet80Eta2p1_FilterDr_v1	L1_SingleMuOpen_SingleJet56_MidEta2p7_BptxAND	HISingleMuon	374.6	1	374.6	0.577	1	0.577	468.3	1	468.25	0.7	1	0.72125	608.7	1	608.725	0.9	1	0.937625	749.2	1	749.2	1.2	1	1.154	936.5	1	936.5	1.4	1	1.4425	1077	1	1076.975	1.7	1	1.658875	1217.5	1	1217.45	1.9	1	1.87525	1404.8	1	1404.75	2.2	1	2.16375	3000
	HLT_HIL3Mu3Eta2p5_PuAK4CaloJet100Eta2p1_FilterDr_v1	L1_SingleMuOpen_SingleJet64_MidEta2p7_BptxAND	HISingleMuon	208.5	1	208.5	0.234	1	0.234	260.6	1	260.625	0.3	1	0.2925	338.8	1	338.8125	0.4	1	0.38025	417	1	417	0.5	1	0.468	521.3	1	521.25	0.6	1	0.585	599.4	1	599.4375	0.7	1	0.67275	677.6	1	677.625	0.8	1	0.7605	781.9	1	781.875	0.9	1	0.8775	3000
	HLT_HIL3Mu5Eta2p5_PuAK4CaloJet40Eta2p1_FilterDr_v1	L1_SingleMuOpen_SingleJet28_MidEta2p7_BptxAND	HISingleMuon	991.2	1	991.2	22.97	13	1.766923077	1239	1	1239	28.7	5	5.7425	1610.7	1	1610.7	37.3	7	5.332321429	1982.4	1	1982.4	45.9	7	6.562857143	2478	1	2478	57.4	7	8.203571429	2849.7	1	2849.7	66	11	6.003522727	3221.4	1	3221.4	74.7	13	5.7425	3717	1	3717	86.1	13	6.625961538	3000
	HLT_HIL3Mu5Eta2p5_PuAK4CaloJet60Eta2p1_FilterDr_v1	L1_SingleMuOpen_SingleJet44_MidEta2p7_BptxAND	HISingleMuon	658.7	1	658.7	1.477	1	1.477	823.4	1	823.375	1.8	1	1.84625	1070.4	1	1070.3875	2.4	1	2.400125	1317.4	1	1317.4	3	1	2.954	1646.8	1	1646.75	3.7	1	3.6925	1893.8	1	1893.7625	4.2	1	4.246375	2140.8	1	2140.775	4.8	1	4.80025	2470.1	1	2470.125	5.5	1	5.53875	3000
	HLT_HIL3Mu5Eta2p5_PuAK4CaloJet80Eta2p1_FilterDr_v1	L1_SingleMuOpen_SingleJet56_MidEta2p7_BptxAND	HISingleMuon	374.6	1	374.6	0.342	1	0.342	468.3	1	468.25	0.4	1	0.4275	608.7	1	608.725	0.6	1	0.55575	749.2	1	749.2	0.7	1	0.684	936.5	1	936.5	0.9	1	0.855	1077	1	1076.975	1	1	0.98325	1217.5	1	1217.45	1.1	1	1.1115	1404.8	1	1404.75	1.3	1	1.2825	3000
	HLT_HIL3Mu5Eta2p5_PuAK4CaloJet100Eta2p1_FilterDr_v1	L1_SingleMuOpen_SingleJet64_MidEta2p7_BptxAND	HISingleMuon	208.5	1	208.5	0.126	1	0.126	260.6	1	260.625	0.2	1	0.1575	338.8	1	338.8125	0.2	1	0.20475	417	1	417	0.3	1	0.252	521.3	1	521.25	0.3	1	0.315	599.4	1	599.4375	0.4	1	0.36225	677.6	1	677.625	0.4	1	0.4095	781.9	1	781.875	0.5	1	0.4725	3000
																																																				
HighPT																																																				
	HLT_HIPuAK4CaloJet40Eta5p1_v1	L1_SingleJet28_BptxAND	HIHardProbesLower	2947.6	1	2947.6	963.563	1283	0.751023383	3684.5	1	3684.5	1204.5	1607	0.749504512	4789.9	1	4789.85	1565.8	2087	0.750258685	5895.2	1	5895.2	1927.1	2579	0.747237689	7369	1	7369	2408.9	3209	0.750672328	8474.4	1	8474.35	2770.2	3691	0.750540131	9579.7	1	9579.7	3131.6	4177	0.749719835	11053.5	1	11053.5	3613.4	4817	0.750126894	3000
	HLT_HIPuAK4CaloJet60Eta5p1_v1	L1_SingleJet44_BptxAND	HIHardProbesLower	1598.8	1	1598.8	67.956	89	0.763550562	1998.5	1	1998.5	84.9	109	0.779311927	2598.1	1	2598.05	110.4	139	0.79444964	3197.6	1	3197.6	135.9	179	0.759284916	3997	1	3997	169.9	223	0.761838565	4596.6	1	4596.55	195.4	127	1.538374016	5196.1	1	5196.1	220.9	139	1.588899281	5995.5	1	5995.5	254.8	167	1.525958084	3000
	HLT_HIPuAK4CaloJet80Eta5p1_v1	L1_SingleJet56_BptxAND	HIHardProbes	815.7	1	815.7	11.602	13	0.892461539	1019.6	1	1019.625	14.5	17	0.853088235	1325.5	1	1325.5125	18.9	23	0.819706522	1631.4	1	1631.4	23.2	3	7.734666667	2039.3	1	2039.25	29	3	9.668333333	2345.1	1	2345.1375	33.4	3	11.11858333	2651	1	2651.025	37.7	3	12.56883333	3058.9	1	3058.875	43.5	7	6.215357143	3000
	HLT_HIPuAK4CaloJet100Eta5p1_v1	L1_SingleJet60_BptxAND	HIHardProbes	602.1	1	602.1	3.585	1	3.585	752.6	1	752.625	4.5	1	4.48125	978.4	1	978.4125	5.8	1	5.825625	1204.2	1	1204.2	7.2	1	7.17	1505.3	1	1505.25	9	1	8.9625	1731	1	1731.0375	10.3	1	10.306875	1956.8	1	1956.825	11.7	1	11.65125	2257.9	1	2257.875	13.4	1	13.44375	3000
	HLT_HIPuAK4CaloJet120Eta5p1_v1	L1_SingleJet60_BptxAND	HIHardProbes	602.1	1	602.1	1.423	1	1.423	752.6	1	752.625	1.8	1	1.77875	978.4	1	978.4125	2.3	1	2.312375	1204.2	1	1204.2	2.8	1	2.846	1505.3	1	1505.25	3.6	1	3.5575	1731	1	1731.0375	4.1	1	4.091125	1956.8	1	1956.825	4.6	1	4.62475	2257.9	1	2257.875	5.3	1	5.33625	3000
	HLT_HIPuAK4CaloJet40Fwd_v1	L1_SingleJet28_FWD_BptxAND	HIHardProbesLower	962.6	1	962.6	25.24	29	0.870344828	1203.3	1	1203.25	31.6	37	0.852702703	1564.2	1	1564.225	41	47	0.872659575	1925.2	1	1925.2	50.5	61	0.827540984	2406.5	1	2406.5	63.1	7	9.014285714	2767.5	1	2767.475	72.6	7	10.36642857	3128.5	1	3128.45	82	7	11.71857143	3609.8	1	3609.75	94.7	7	13.52142857	3000
	HLT_HIPuAK4CaloJet60Fwd_v1	L1_SingleJet44_FWD_BptxAND	HIHardProbes	174.5	1	174.5	1.639	1	1.639	218.1	1	218.125	2	1	2.04875	283.6	1	283.5625	2.7	1	2.663375	349	1	349	3.3	1	3.278	436.3	1	436.25	4.1	1	4.0975	501.7	1	501.6875	4.7	1	4.712125	567.1	1	567.125	5.3	1	5.32675	654.4	1	654.375	6.1	1	6.14625	3000
	HLT_HIPuAK4CaloJet80Fwd_v1	L1_SingleJet56_FWD_BptxAND	HIHardProbes	30.3	1	30.3	0.216	1	0.216	37.9	1	37.875	0.3	1	0.27	49.2	1	49.2375	0.4	1	0.351	60.6	1	60.6	0.4	1	0.432	75.8	1	75.75	0.5	1	0.54	87.1	1	87.1125	0.6	1	0.621	98.5	1	98.475	0.7	1	0.702	113.6	1	113.625	0.8	1	0.81	3000
	HLT_HIPuAK4CaloJet100Fwd_v1	L1_SingleJet56_FWD_BptxAND	HIHardProbes	30.3	1	30.3	0.054	1	0.054	37.9	1	37.875	0.1	1	0.0675	49.2	1	49.2375	0.1	1	0.08775	60.6	1	60.6	0.1	1	0.108	75.8	1	75.75	0.1	1	0.135	87.1	1	87.1125	0.2	1	0.15525	98.5	1	98.475	0.2	1	0.1755	113.6	1	113.625	0.2	1	0.2025	3000
	HLT_HIPuAK4CaloJet120Fwd_v1	L1_SingleJet56_FWD_BptxAND	HIHardProbes	30.3	1	30.3	0.018	1	0.018	37.9	1	37.875	0	1	0.0225	49.2	1	49.2375	0	1	0.02925	60.6	1	60.6	0	1	0.036	75.8	1	75.75	0	1	0.045	87.1	1	87.1125	0.1	1	0.05175	98.5	1	98.475	0.1	1	0.0585	113.6	1	113.625	0.1	1	0.0675	3000
	HLT_HIPuAK4CaloJet80_35_Eta1p1_v1	L1_SingleJet56_BptxAND	HIHardProbes	815.7	1	815.7	5.495	5	1.099	1019.6	1	1019.625	6.9	7	0.98125	1325.5	1	1325.5125	8.9	11	0.811761364	1631.4	1	1631.4	11	13	0.845384615	2039.3	1	2039.25	13.7	2	6.86875	2345.1	1	2345.1375	15.8	2	7.8990625	2651	1	2651.025	17.9	2	8.929375	3058.9	1	3058.875	20.6	3	6.86875	3000
	HLT_HIPuAK4CaloJet100_35_Eta1p1_v1	L1_SingleJet56_BptxAND	HIHardProbes	815.7	1	815.7	1.82	1	1.82	1019.6	1	1019.625	2.3	1	2.275	1325.5	1	1325.5125	3	1	2.9575	1631.4	1	1631.4	3.6	1	3.64	2039.3	1	2039.25	4.6	1	4.55	2345.1	1	2345.1375	5.2	1	5.2325	2651	1	2651.025	5.9	1	5.915	3058.9	1	3058.875	6.8	1	6.825	3000
	HLT_HIPuAK4CaloJet80_35_Eta0p7_v1	L1_SingleJet56_BptxAND	HIHardProbes	815.7	1	815.7	3.045	3	1.015	1019.6	1	1019.625	3.8	3	1.26875	1325.5	1	1325.5125	4.9	5	0.989625	1631.4	1	1631.4	6.1	7	0.87	2039.3	1	2039.25	7.6	2	3.80625	2345.1	1	2345.1375	8.8	2	4.3771875	2651	1	2651.025	9.9	2	4.948125	3058.9	1	3058.875	11.4	2	5.709375	3000
	HLT_HIPuAK4CaloJet100_35_Eta0p7_v1	L1_SingleJet56_BptxAND	HIHardProbes	815.7	1	815.7	1.027	1	1.027	1019.6	1	1019.625	1.3	1	1.28375	1325.5	1	1325.5125	1.7	1	1.668875	1631.4	1	1631.4	2.1	1	2.054	2039.3	1	2039.25	2.6	1	2.5675	2345.1	1	2345.1375	3	1	2.952625	2651	1	2651.025	3.3	1	3.33775	3058.9	1	3058.875	3.9	1	3.85125	3000
	HLT_HIPuAK4CaloJet80_45_45_Eta2p1_v1	L1_SingleJet56_BptxAND	HIHardProbes	815.7	1	815.7	2.018	1	2.018	1019.6	1	1019.625	2.5	2	1.26125	1325.5	1	1325.5125	3.3	3	1.093083333	1631.4	1	1631.4	4	3	1.345333333	2039.3	1	2039.25	5	1	5.045	2345.1	1	2345.1375	5.8	1	5.80175	2651	1	2651.025	6.6	1	6.5585	3058.9	1	3058.875	7.6	1	7.5675	3000
	HLT_HIPuAK4CaloJet60Eta2p4_DeepCSV0p4_v1	L1_SingleJet44_BptxAND	HIHardProbes	1598.8	1	1598.8	8.918	7	1.274	1998.5	1	1998.5	11.1	17	0.655735294	2598.1	1	2598.05	14.5	17	0.852455882	3197.6	1	3197.6	17.8	19	0.938736842	3997	1	3997	22.3	2	11.1475	4596.6	1	4596.55	25.6	2	12.819625	5196.1	1	5196.1	29	2	14.49175	5995.5	1	5995.5	33.4	3	11.1475	3000
	HLT_HIPuAK4CaloJet80Eta2p4_DeepCSV0p4_v1	L1_SingleJet56_BptxAND	HIHardProbes	815.7	1	815.7	1.477	1	1.477	1019.6	1	1019.625	1.8	1	1.84625	1325.5	1	1325.5125	2.4	1	2.400125	1631.4	1	1631.4	3	1	2.954	2039.3	1	2039.25	3.7	1	3.6925	2345.1	1	2345.1375	4.2	1	4.246375	2651	1	2651.025	4.8	1	4.80025	3058.9	1	3058.875	5.5	1	5.53875	3000
	HLT_HIPuAK4CaloJet100Eta2p4_DeepCSV0p4_v1	L1_SingleJet60_BptxAND	HIHardProbes	602.1	1	602.1	0.36	1	0.36	752.6	1	752.625	0.5	1	0.45	978.4	1	978.4125	0.6	1	0.585	1204.2	1	1204.2	0.7	1	0.72	1505.3	1	1505.25	0.9	1	0.9	1731	1	1731.0375	1	1	1.035	1956.8	1	1956.825	1.2	1	1.17	2257.9	1	2257.875	1.4	1	1.35	3000
	HLT_HIPuAK4CaloJet60Eta2p4_CSVv2WP0p75_v1	L1_SingleJet44_BptxAND	HIHardProbes	1598.8	1	1598.8	14.935	13	1.148846154	1998.5	1	1998.5	18.7	23	0.811684783	2598.1	1	2598.05	24.3	29	0.836875	3197.6	1	3197.6	29.9	29	1.03	3997	1	3997	37.3	2	18.66875	4596.6	1	4596.55	42.9	2	21.4690625	5196.1	1	5196.1	48.5	2	24.269375	5995.5	1	5995.5	56	3	18.66875	3000
	HLT_HIPuAK4CaloJet80Eta2p4_CSVv2WP0p75_v1	L1_SingleJet56_BptxAND	HIHardProbes	815.7	1	815.7	2	1	2	1019.6	1	1019.625	2.5	1	2.5	1325.5	1	1325.5125	3.3	1	3.25	1631.4	1	1631.4	4	1	4	2039.3	1	2039.25	5	1	5	2345.1	1	2345.1375	5.8	1	5.75	2651	1	2651.025	6.5	1	6.5	3058.9	1	3058.875	7.5	1	7.5	3000
	HLT_HIPuAK4CaloJet100Eta2p4_CSVv2WP0p75_v1	L1_SingleJet60_BptxAND	HIHardProbes	602.1	1	602.1	0.522	1	0.522	752.6	1	752.625	0.7	1	0.6525	978.4	1	978.4125	0.8	1	0.84825	1204.2	1	1204.2	1	1	1.044	1505.3	1	1505.25	1.3	1	1.305	1731	1	1731.0375	1.5	1	1.50075	1956.8	1	1956.825	1.7	1	1.6965	2257.9	1	2257.875	2	1	1.9575	3000
	HLT_HICsAK4PFJet60Eta1p5_v1	L1_SingleJet44_BptxAND	HIHardProbesLower	1598.8	1	1598.8	22.178	29	0.764758621	1998.5	1	1998.5	27.7	7	3.960357143	2598.1	1	2598.05	36	47	0.766792553	3197.6	1	3197.6	44.4	61	0.727147541	3997	1	3997	55.4	17	3.261470588	4596.6	1	4596.55	63.8	11	5.796522727	5196.1	1	5196.1	72.1	11	6.552590909	5995.5	1	5995.5	83.2	11	7.560681818	3000
	HLT_HICsAK4PFJet80Eta1p5_v1	L1_SingleJet56_BptxAND	HIHardProbes	815.7	1	815.7	6.936	7	0.990857143	1019.6	1	1019.625	8.7	11	0.788181818	1325.5	1	1325.5125	11.3	13	0.867	1631.4	1	1631.4	13.9	17	0.816	2039.3	1	2039.25	17.3	3	5.78	2345.1	1	2345.1375	19.9	3	6.647	2651	1	2651.025	22.5	3	7.514	3058.9	1	3058.875	26	5	5.202	3000
	HLT_HICsAK4PFJet100Eta1p5_v1	L1_SingleJet60_BptxAND	HIHardProbes	602.1	1	602.1	2.81	1	2.81	752.6	1	752.625	3.5	1	3.5125	978.4	1	978.4125	4.6	1	4.56625	1204.2	1	1204.2	5.6	1	5.62	1505.3	1	1505.25	7	1	7.025	1731	1	1731.0375	8.1	1	8.07875	1956.8	1	1956.825	9.1	1	9.1325	2257.9	1	2257.875	10.5	1	10.5375	3000
	HLT_HICsAK4PFJet120Eta1p5_v1	L1_SingleJet60_BptxAND	HIHardProbes	602.1	1	602.1	1.189	1	1.189	752.6	1	752.625	1.5	1	1.48625	978.4	1	978.4125	1.9	1	1.932125	1204.2	1	1204.2	2.4	1	2.378	1505.3	1	1505.25	3	1	2.9725	1731	1	1731.0375	3.4	1	3.418375	1956.8	1	1956.825	3.9	1	3.86425	2257.9	1	2257.875	4.5	1	4.45875	3000
																																																				
	HLT_HIEle10Gsf_v1	L1_MinimumBiasHF1_AND_BptxAND	HIHardProbes	8000	1	8000	15.764	19	0.829684211	10000	1	10000	19.7	23	0.85673913	13000	1	13000	25.6	31	0.82633871	16000	1	16000	31.5	41	0.76897561	20000	1	20000	39.4	13	3.031538462	23000	2	11500	45.3	7	3.23725	26000	2	13000	51.2	7	3.6595	30000	2	15000	59.1	11	2.687045455	3000
	HLT_HIEle15Gsf_v1	L1_MinimumBiasHF1_AND_BptxAND	HIHardProbes	8000	1	8000	4.918	5	0.9836	10000	1	10000	6.1	7	0.878214286	13000	1	13000	8	11	0.726522727	16000	1	16000	9.8	13	0.756615385	20000	1	20000	12.3	5	2.459	23000	2	11500	14.1	3	2.356541667	26000	2	13000	16	3	2.663916667	30000	2	15000	18.4	3	3.07375	3000
	HLT_HIEle20Gsf_v1	L1_SingleEG15_BptxAND	HIHardProbes	553	1	553	1.73	1	1.73	691.3	1	691.25	2.2	1	2.1625	898.6	1	898.625	2.8	1	2.81125	1106	1	1106	3.5	1	3.46	1382.5	1	1382.5	4.3	1	4.325	1589.9	1	1589.875	5	1	4.97375	1797.3	1	1797.25	5.6	1	5.6225	2073.8	1	2073.75	6.5	1	6.4875	3000
	HLT_HIEle30Gsf_v1	L1_SingleEG15_BptxAND	HIHardProbes	553	1	553	0.739	1	0.739	691.3	1	691.25	0.9	1	0.92375	898.6	1	898.625	1.2	1	1.200875	1106	1	1106	1.5	1	1.478	1382.5	1	1382.5	1.8	1	1.8475	1589.9	1	1589.875	2.1	1	2.124625	1797.3	1	1797.25	2.4	1	2.40175	2073.8	1	2073.75	2.8	1	2.77125	3000
	HLT_HIEle40Gsf_v1	L1_SingleEG21_BptxAND	HIHardProbes	114.7	1	114.7	0.252	1	0.252	143.4	1	143.375	0.3	1	0.315	186.4	1	186.3875	0.4	1	0.4095	229.4	1	229.4	0.5	1	0.504	286.8	1	286.75	0.6	1	0.63	329.8	1	329.7625	0.7	1	0.7245	372.8	1	372.775	0.8	1	0.819	430.1	1	430.125	0.9	1	0.945	3000
	HLT_HIEle50Gsf_v1	L1_SingleEG21_BptxAND	HIHardProbes	114.7	1	114.7	0.108	1	0.108	143.4	1	143.375	0.1	1	0.135	186.4	1	186.3875	0.2	1	0.1755	229.4	1	229.4	0.2	1	0.216	286.8	1	286.75	0.3	1	0.27	329.8	1	329.7625	0.3	1	0.3105	372.8	1	372.775	0.4	1	0.351	430.1	1	430.125	0.4	1	0.405	3000
	HLT_HIDoubleEle15Gsf_v1	L1_SingleEG15_BptxAND	HIHardProbes	553	1	553	0.018	1	0.018	691.3	1	691.25	0	1	0.0225	898.6	1	898.625	0	1	0.02925	1106	1	1106	0	1	0.036	1382.5	1	1382.5	0	1	0.045	1589.9	1	1589.875	0.1	1	0.05175	1797.3	1	1797.25	0.1	1	0.0585	2073.8	1	2073.75	0.1	1	0.0675	3000
	HLT_HIDoubleEle15GsfMass50_v1	L1_SingleEG15_BptxAND	HIHardProbes	553	1	553	0.018	1	0.018	691.3	1	691.25	0	1	0.0225	898.6	1	898.625	0	1	0.02925	1106	1	1106	0	1	0.036	1382.5	1	1382.5	0	1	0.045	1589.9	1	1589.875	0.1	1	0.05175	1797.3	1	1797.25	0.1	1	0.0585	2073.8	1	2073.75	0.1	1	0.0675	3000
	HLT_HIEle15Ele10Gsf_v1	L1_SingleEG15_BptxAND	HIHardProbes	553	1	553	0.036	1	0.036	691.3	1	691.25	0	1	0.045	898.6	1	898.625	0.1	1	0.0585	1106	1	1106	0.1	1	0.072	1382.5	1	1382.5	0.1	1	0.09	1589.9	1	1589.875	0.1	1	0.1035	1797.3	1	1797.25	0.1	1	0.117	2073.8	1	2073.75	0.1	1	0.135	3000
	HLT_HIEle15Ele10GsfMass50_v1	L1_SingleEG15_BptxAND	HIHardProbes	553	1	553	0.018	1	0.018	691.3	1	691.25	0	1	0.0225	898.6	1	898.625	0	1	0.02925	1106	1	1106	0	1	0.036	1382.5	1	1382.5	0	1	0.045	1589.9	1	1589.875	0.1	1	0.05175	1797.3	1	1797.25	0.1	1	0.0585	2073.8	1	2073.75	0.1	1	0.0675	3000
	HLT_HIDoubleEle10Gsf_v1	L1_SingleEG15_BptxAND	HIHardProbes	553	1	553	0.036	1	0.036	691.3	1	691.25	0	1	0.045	898.6	1	898.625	0.1	1	0.0585	1106	1	1106	0.1	1	0.072	1382.5	1	1382.5	0.1	1	0.09	1589.9	1	1589.875	0.1	1	0.1035	1797.3	1	1797.25	0.1	1	0.117	2073.8	1	2073.75	0.1	1	0.135	3000
	HLT_HIDoubleEle10GsfMass50_v1	L1_SingleEG15_BptxAND	HIHardProbes	553	1	553	0.018	1	0.018	691.3	1	691.25	0	1	0.0225	898.6	1	898.625	0	1	0.02925	1106	1	1106	0	1	0.036	1382.5	1	1382.5	0	1	0.045	1589.9	1	1589.875	0.1	1	0.05175	1797.3	1	1797.25	0.1	1	0.0585	2073.8	1	2073.75	0.1	1	0.0675	3000
																																																				
	HLT_HIEle10Gsf_PuAK4CaloJet40Eta2p1_v1	L1_SingleEG15_SingleJet28_MidEta2p7_BptxAND	HIHardProbes	546.9	1	546.9	4.324	7	0.617714286	683.6	1	683.625	5.4	11	0.491363636	888.7	1	888.7125	7	13	0.5405	1093.8	1	1093.8	8.6	17	0.508705882	1367.3	1	1367.25	10.8	3	3.603333333	1572.3	1	1572.3375	12.4	3	4.143833333	1777.4	1	1777.425	14.1	3	4.684333333	2050.9	1	2050.875	16.2	5	3.243	3000
	HLT_HIEle10Gsf_PuAK4CaloJet60Eta2p1_v1	L1_SingleEG15_SingleJet44_MidEta2p7_BptxAND	HIHardProbes	484.1	1	484.1	0.919	1	0.919	605.1	1	605.125	1.1	1	1.14875	786.7	1	786.6625	1.5	1	1.493375	968.2	1	968.2	1.8	1	1.838	1210.3	1	1210.25	2.3	1	2.2975	1391.8	1	1391.7875	2.6	1	2.642125	1573.3	1	1573.325	3	1	2.98675	1815.4	1	1815.375	3.4	1	3.44625	3000
	HLT_HIEle10Gsf_PuAK4CaloJet80Eta2p1_v1	L1_SingleEG15_SingleJet56_MidEta2p7_BptxAND	HIHardProbes	340.5	1	340.5	0.342	1	0.342	425.6	1	425.625	0.4	1	0.4275	553.3	1	553.3125	0.6	1	0.55575	681	1	681	0.7	1	0.684	851.3	1	851.25	0.9	1	0.855	978.9	1	978.9375	1	1	0.98325	1106.6	1	1106.625	1.1	1	1.1115	1276.9	1	1276.875	1.3	1	1.2825	3000
	HLT_HIEle10Gsf_PuAK4CaloJet100Eta2p1_v1	L1_SingleEG15_SingleJet60_MidEta2p7_BptxAND	HIHardProbes	275.3	1	275.3	0.126	1	0.126	344.1	1	344.125	0.2	1	0.1575	447.4	1	447.3625	0.2	1	0.20475	550.6	1	550.6	0.3	1	0.252	688.3	1	688.25	0.3	1	0.315	791.5	1	791.4875	0.4	1	0.36225	894.7	1	894.725	0.4	1	0.4095	1032.4	1	1032.375	0.5	1	0.4725	3000
	HLT_HIEle15Gsf_PuAK4CaloJet40Eta2p1_v1	L1_SingleEG15_SingleJet28_MidEta2p7_BptxAND	HIHardProbes	546.9	1	546.9	2.883	1	2.883	683.6	1	683.625	3.6	1	3.60375	888.7	1	888.7125	4.7	1	4.684875	1093.8	1	1093.8	5.8	1	5.766	1367.3	1	1367.25	7.2	1	7.2075	1572.3	1	1572.3375	8.3	1	8.288625	1777.4	1	1777.425	9.4	1	9.36975	2050.9	1	2050.875	10.8	1	10.81125	3000
	HLT_HIEle15Gsf_PuAK4CaloJet60Eta2p1_v1	L1_SingleEG15_SingleJet44_MidEta2p7_BptxAND	HIHardProbes	484.1	1	484.1	0.739	1	0.739	605.1	1	605.125	0.9	1	0.92375	786.7	1	786.6625	1.2	1	1.200875	968.2	1	968.2	1.5	1	1.478	1210.3	1	1210.25	1.8	1	1.8475	1391.8	1	1391.7875	2.1	1	2.124625	1573.3	1	1573.325	2.4	1	2.40175	1815.4	1	1815.375	2.8	1	2.77125	3000
	HLT_HIEle15Gsf_PuAK4CaloJet80Eta2p1_v1	L1_SingleEG15_SingleJet56_MidEta2p7_BptxAND	HIHardProbes	340.5	1	340.5	0.288	1	0.288	425.6	1	425.625	0.4	1	0.36	553.3	1	553.3125	0.5	1	0.468	681	1	681	0.6	1	0.576	851.3	1	851.25	0.7	1	0.72	978.9	1	978.9375	0.8	1	0.828	1106.6	1	1106.625	0.9	1	0.936	1276.9	1	1276.875	1.1	1	1.08	3000
	HLT_HIEle15Gsf_PuAK4CaloJet100Eta2p1_v1	L1_SingleEG15_SingleJet60_MidEta2p7_BptxAND	HIHardProbes	275.3	1	275.3	0.072	1	0.072	344.1	1	344.125	0.1	1	0.09	447.4	1	447.3625	0.1	1	0.117	550.6	1	550.6	0.1	1	0.144	688.3	1	688.25	0.2	1	0.18	791.5	1	791.4875	0.2	1	0.207	894.7	1	894.725	0.2	1	0.234	1032.4	1	1032.375	0.3	1	0.27	3000
	HLT_HIEle20Gsf_PuAK4CaloJet40Eta2p1_v1	L1_SingleEG15_SingleJet28_MidEta2p7_BptxAND	HIHardProbes	546.9	1	546.9	1.585	1	1.585	683.6	1	683.625	2	1	1.98125	888.7	1	888.7125	2.6	1	2.575625	1093.8	1	1093.8	3.2	1	3.17	1367.3	1	1367.25	4	1	3.9625	1572.3	1	1572.3375	4.6	1	4.556875	1777.4	1	1777.425	5.2	1	5.15125	2050.9	1	2050.875	5.9	1	5.94375	3000
	HLT_HIEle20Gsf_PuAK4CaloJet60Eta2p1_v1	L1_SingleEG15_SingleJet44_MidEta2p7_BptxAND	HIHardProbes	484.1	1	484.1	0.613	1	0.613	605.1	1	605.125	0.8	1	0.76625	786.7	1	786.6625	1	1	0.996125	968.2	1	968.2	1.2	1	1.226	1210.3	1	1210.25	1.5	1	1.5325	1391.8	1	1391.7875	1.8	1	1.762375	1573.3	1	1573.325	2	1	1.99225	1815.4	1	1815.375	2.3	1	2.29875	3000
	HLT_HIEle20Gsf_PuAK4CaloJet80Eta2p1_v1	L1_SingleEG15_SingleJet56_MidEta2p7_BptxAND	HIHardProbes	340.5	1	340.5	0.234	1	0.234	425.6	1	425.625	0.3	1	0.2925	553.3	1	553.3125	0.4	1	0.38025	681	1	681	0.5	1	0.468	851.3	1	851.25	0.6	1	0.585	978.9	1	978.9375	0.7	1	0.67275	1106.6	1	1106.625	0.8	1	0.7605	1276.9	1	1276.875	0.9	1	0.8775	3000
	HLT_HIEle20Gsf_PuAK4CaloJet100Eta2p1_v1	L1_SingleEG15_SingleJet60_MidEta2p7_BptxAND	HIHardProbes	275.3	1	275.3	0.054	1	0.054	344.1	1	344.125	0.1	1	0.0675	447.4	1	447.3625	0.1	1	0.08775	550.6	1	550.6	0.1	1	0.108	688.3	1	688.25	0.1	1	0.135	791.5	1	791.4875	0.2	1	0.15525	894.7	1	894.725	0.2	1	0.1755	1032.4	1	1032.375	0.2	1	0.2025	3000
	HLT_HIL1Mu5Eta2p5_Ele20Gsf_v1	L1_SingleMuOpen_BptxAND	HIHardProbes	1255.36	1	1255.36	0.09	1	0.09	1569.2	1	1569.2	0.1	1	0.1125	2040	1	2039.96	0.1	1	0.14625	2510.7	1	2510.72	0.2	1	0.18	3138.4	1	3138.4	0.2	1	0.225	3609.2	1	3609.16	0.3	1	0.25875	4079.9	1	4079.92	0.3	1	0.2925	4707.6	1	4707.6	0.3	1	0.3375	3000
	HLT_HIL1Mu7Eta2p5_Ele20Gsf_v1	L1_SingleMuOpen_BptxAND	HIHardProbes	1255.36	1	1255.36	0.036	1	0.036	1569.2	1	1569.2	0	1	0.045	2040	1	2039.96	0.1	1	0.0585	2510.7	1	2510.72	0.1	1	0.072	3138.4	1	3138.4	0.1	1	0.09	3609.2	1	3609.16	0.1	1	0.1035	4079.9	1	4079.92	0.1	1	0.117	4707.6	1	4707.6	0.1	1	0.135	3000
																																																				
	HLT_HIGEDPhoton10_v1	L1_MinimumBiasHF1_AND_BptxAND	HIHardProbesLower	8000	1	8000	1152.15	1523	0.756500328	10000	1	10000	1440.2	1901	0.757594687	13000	1	13000	1872.2	2467	0.75891518	16000	1	16000	2304.3	3041	0.757744163	20000	1	20000	2880.4	3803	0.757395477	23000	2	11500	3312.4	2179	0.760080599	26000	2	13000	3744.5	2473	0.757073898	30000	2	15000	4320.6	5701	0.378930232	3000
	HLT_HIGEDPhoton20_v1	L1_MinimumBiasHF1_AND_BptxAND	HIHardProbesLower	8000	1	8000	53.129	67	0.792970149	10000	1	10000	66.4	83	0.800135542	13000	1	13000	86.3	113	0.76402323	16000	1	16000	106.3	137	0.775605839	20000	1	20000	132.8	173	0.767760116	23000	2	11500	152.7	13	5.874841346	26000	2	13000	172.7	13	6.641125	30000	2	15000	199.2	19	5.242993421	3000
	HLT_HIGEDPhoton30_v1	L1_SingleEG7_BptxAND	HIHardProbes	2392	1	2392	9.765	11	0.887727273	2990	1	2990	12.2	17	0.718014706	3887	1	3887	15.9	19	0.835164474	4784	1	4784	19.5	23	0.849130435	5980	1	5980	24.4	7	3.4875	6877	1	6877	28.1	7	4.010625	7774	1	7774	31.7	7	4.53375	8970	1	8970	36.6	11	3.328977273	3000
	HLT_HIGEDPhoton40_v1	L1_SingleEG21_BptxAND	HIHardProbes	114.7	1	114.7	2.252	1	2.252	143.4	1	143.375	2.8	1	2.815	186.4	1	186.3875	3.7	1	3.6595	229.4	1	229.4	4.5	1	4.504	286.8	1	286.75	5.6	1	5.63	329.8	1	329.7625	6.5	1	6.4745	372.8	1	372.775	7.3	1	7.319	430.1	1	430.125	8.4	1	8.445	3000
	HLT_HIGEDPhoton50_v1	L1_SingleEG21_BptxAND	HIHardProbes	114.7	1	114.7	0.883	1	0.883	143.4	1	143.375	1.1	1	1.10375	186.4	1	186.3875	1.4	1	1.434875	229.4	1	229.4	1.8	1	1.766	286.8	1	286.75	2.2	1	2.2075	329.8	1	329.7625	2.5	1	2.538625	372.8	1	372.775	2.9	1	2.86975	430.1	1	430.125	3.3	1	3.31125	3000
	HLT_HIGEDPhoton60_v1	L1_SingleEG30_BptxAND	HIHardProbes	19.7	1	19.7	0.45	1	0.45	24.6	1	24.625	0.6	1	0.5625	32	1	32.0125	0.7	1	0.73125	39.4	1	39.4	0.9	1	0.9	49.3	1	49.25	1.1	1	1.125	56.6	1	56.6375	1.3	1	1.29375	64	1	64.025	1.5	1	1.4625	73.9	1	73.875	1.7	1	1.6875	3000
	HLT_HIGEDPhoton10_EB_v1	L1_MinimumBiasHF1_AND_BptxAND	HIHardProbesLower	8000	1	8000	497.005	659	0.754180577	10000	1	10000	621.3	823	0.754867862	13000	1	13000	807.6	1069	0.755503391	16000	1	16000	994	1321	0.752467827	20000	1	20000	1242.5	1657	0.749856669	23000	2	11500	1428.9	947	0.754429448	26000	2	13000	1615.3	1069	0.755503391	30000	2	15000	1863.8	2477	0.376214927	3000
	HLT_HIGEDPhoton20_EB_v1	L1_MinimumBiasHF1_AND_BptxAND	HIHardProbesLower	8000	1	8000	19.475	23	0.84673913	10000	1	10000	24.3	29	0.839439655	13000	1	13000	31.6	41	0.771875	16000	1	16000	39	47	0.828723404	20000	1	20000	48.7	61	0.798155738	23000	2	11500	56	7	3.999330357	26000	2	13000	63.3	7	4.520982143	30000	2	15000	73	5	7.303125	3000
	HLT_HIGEDPhoton30_EB_v1	L1_SingleEG7_BptxAND	HIHardProbes	2392	1	2392	4.126	5	0.8252	2990	1	2990	5.2	5	1.0315	3887	1	3887	6.7	7	0.957821429	4784	1	4784	8.3	11	0.750181818	5980	1	5980	10.3	1	10.315	6877	1	6877	11.9	1	11.86225	7774	1	7774	13.4	1	13.4095	8970	1	8970	15.5	3	5.1575	3000
	HLT_HIGEDPhoton40_EB_v1	L1_SingleEG21_BptxAND	HIHardProbes	114.7	1	114.7	1.207	1	1.207	143.4	1	143.375	1.5	1	1.50875	186.4	1	186.3875	2	1	1.961375	229.4	1	229.4	2.4	1	2.414	286.8	1	286.75	3	1	3.0175	329.8	1	329.7625	3.5	1	3.470125	372.8	1	372.775	3.9	1	3.92275	430.1	1	430.125	4.5	1	4.52625	3000
	HLT_HIGEDPhoton50_EB_v1	L1_SingleEG21_BptxAND	HIHardProbes	114.7	1	114.7	0.468	1	0.468	143.4	1	143.375	0.6	1	0.585	186.4	1	186.3875	0.8	1	0.7605	229.4	1	229.4	0.9	1	0.936	286.8	1	286.75	1.2	1	1.17	329.8	1	329.7625	1.3	1	1.3455	372.8	1	372.775	1.5	1	1.521	430.1	1	430.125	1.8	1	1.755	3000
	HLT_HIGEDPhoton60_EB_v1	L1_SingleEG30_BptxAND	HIHardProbes	19.7	1	19.7	0.288	1	0.288	24.6	1	24.625	0.4	1	0.36	32	1	32.0125	0.5	1	0.468	39.4	1	39.4	0.6	1	0.576	49.3	1	49.25	0.7	1	0.72	56.6	1	56.6375	0.8	1	0.828	64	1	64.025	0.9	1	0.936	73.9	1	73.875	1.1	1	1.08	3000
																																																				
	HLT_HIIslandPhoton10_Eta3p1_v1	L1_MinimumBiasHF1_AND_BptxAND	HIHardProbesLower	8000	1	8000	1937.11	2633	0.73570452	10000	1	10000	2421.4	3299	0.733976205	13000	1	13000	3147.8	4289	0.733924866	16000	1	16000	3874.2	5279	0.733892783	20000	1	20000	4842.8	6599	0.73386498	23000	2	11500	5569.2	3793	0.734140687	26000	2	13000	6295.6	4283	0.734953012	30000	2	15000	7264.2	9901	0.366839839	3000
	HLT_HIIslandPhoton20_Eta3p1_v1	L1_MinimumBiasHF1_AND_BptxAND	HIHardProbesLower	8000	1	8000	439.894	547	0.804193784	10000	1	10000	549.9	683	0.805076867	13000	1	13000	714.8	887	0.805893743	16000	1	16000	879.8	1097	0.801994531	20000	1	20000	1099.7	1373	0.800972323	23000	2	11500	1264.7	787	0.803491264	26000	2	13000	1429.7	887	0.805893743	30000	2	15000	1649.6	2063	0.399806714	3000
	HLT_HIIslandPhoton30_Eta3p1_v1	L1_SingleEG7_BptxAND	HIHardProbes	2392	1	2392	32.339	37	0.874027027	2990	1	2990	40.4	47	0.860079787	3887	1	3887	52.6	61	0.861489754	4784	1	4784	64.7	79	0.818708861	5980	1	5980	80.8	23	3.515108696	6877	1	6877	93	23	4.042375	7774	1	7774	105.1	23	4.569641304	8970	1	8970	121.3	41	2.957835366	3000
	HLT_HIIslandPhoton40_Eta3p1_v1	L1_SingleEG21_BptxAND	HIHardProbes	114.7	1	114.7	3.729	1	3.729	143.4	1	143.375	4.7	1	4.66125	186.4	1	186.3875	6.1	1	6.059625	229.4	1	229.4	7.5	1	7.458	286.8	1	286.75	9.3	1	9.3225	329.8	1	329.7625	10.7	1	10.720875	372.8	1	372.775	12.1	1	12.11925	430.1	1	430.125	14	1	13.98375	3000
	HLT_HIIslandPhoton50_Eta3p1_v1	L1_SingleEG21_BptxAND	HIHardProbes	114.7	1	114.7	1.549	1	1.549	143.4	1	143.375	1.9	1	1.93625	186.4	1	186.3875	2.5	1	2.517125	229.4	1	229.4	3.1	1	3.098	286.8	1	286.75	3.9	1	3.8725	329.8	1	329.7625	4.5	1	4.453375	372.8	1	372.775	5	1	5.03425	430.1	1	430.125	5.8	1	5.80875	3000
	HLT_HIIslandPhoton60_Eta3p1_v1	L1_SingleEG30_BptxAND	HIHardProbes	19.7	1	19.7	0.775	1	0.775	24.6	1	24.625	1	1	0.96875	32	1	32.0125	1.3	1	1.259375	39.4	1	39.4	1.6	1	1.55	49.3	1	49.25	1.9	1	1.9375	56.6	1	56.6375	2.2	1	2.228125	64	1	64.025	2.5	1	2.51875	73.9	1	73.875	2.9	1	2.90625	3000
	HLT_HIIslandPhoton10_Eta1p5_v1	L1_MinimumBiasHF1_AND_BptxAND	HIHardProbesLower	8000	1	8000	541.864	709	0.764265162	10000	1	10000	677.3	887	0.76361894	13000	1	13000	880.5	1163	0.757118659	16000	1	16000	1083.7	1429	0.758382085	20000	1	20000	1354.7	1787	0.758063794	23000	2	11500	1557.9	1021	0.762908423	26000	2	13000	1761.1	1163	0.757118659	30000	2	15000	2032	2683	0.378678718	3000
	HLT_HIIslandPhoton20_Eta1p5_v1	L1_MinimumBiasHF1_AND_BptxAND	HIHardProbesLower	8000	1	8000	30.969	37	0.837	10000	1	10000	38.7	47	0.823643617	13000	1	13000	50.3	61	0.824993853	16000	1	16000	61.9	79	0.784025317	20000	1	20000	77.4	97	0.798170103	23000	2	11500	89	7	6.359705357	26000	2	13000	100.6	5	10.064925	30000	2	15000	116.1	13	4.466682692	3000
	HLT_HIIslandPhoton30_Eta1p5_v1	L1_SingleEG7_BptxAND	HIHardProbes	2392	1	2392	6.36	7	0.908571429	2990	1	2990	8	11	0.722727273	3887	1	3887	10.3	13	0.795	4784	1	4784	12.7	17	0.748235294	5980	1	5980	15.9	2	7.95	6877	1	6877	18.3	2	9.1425	7774	1	7774	20.7	2	10.335	8970	1	8970	23.9	5	4.77	3000
	HLT_HIIslandPhoton40_Eta1p5_v1	L1_SingleEG21_BptxAND	HIHardProbes	114.7	1	114.7	1.856	1	1.856	143.4	1	143.375	2.3	1	2.32	186.4	1	186.3875	3	1	3.016	229.4	1	229.4	3.7	1	3.712	286.8	1	286.75	4.6	1	4.64	329.8	1	329.7625	5.3	1	5.336	372.8	1	372.775	6	1	6.032	430.1	1	430.125	7	1	6.96	3000
	HLT_HIIslandPhoton50_Eta1p5_v1	L1_SingleEG21_BptxAND	HIHardProbes	114.7	1	114.7	0.775	1	0.775	143.4	1	143.375	1	1	0.96875	186.4	1	186.3875	1.3	1	1.259375	229.4	1	229.4	1.6	1	1.55	286.8	1	286.75	1.9	1	1.9375	329.8	1	329.7625	2.2	1	2.228125	372.8	1	372.775	2.5	1	2.51875	430.1	1	430.125	2.9	1	2.90625	3000
	HLT_HIIslandPhoton60_Eta1p5_v1	L1_SingleEG30_BptxAND	HIHardProbes	19.7	1	19.7	0.468	1	0.468	24.6	1	24.625	0.6	1	0.585	32	1	32.0125	0.8	1	0.7605	39.4	1	39.4	0.9	1	0.936	49.3	1	49.25	1.2	1	1.17	56.6	1	56.6375	1.3	1	1.3455	64	1	64.025	1.5	1	1.521	73.9	1	73.875	1.8	1	1.755	3000
																																																				
																																																				
	HLT_HIPuAK4CaloJet40Eta5p1_Centrality_30_100_v1	L1_SingleJet28_Centrality_30_100_BptxAND	HIHardProbesPeripheral	821.9	1	821.9	86.188	109	0.790715596	1027.4	1	1027.375	107.7	137	0.786386861	1335.6	1	1335.5875	140.1	181	0.773787293	1643.8	1	1643.8	172.4	223	0.772986547	2054.8	1	2054.75	215.5	277	0.777870036	2363	1	2362.9625	247.8	317	0.781673502	2671.2	1	2671.175	280.1	359	0.780253482	3082.1	1	3082.125	323.2	419	0.771372315	500
	HLT_HIPuAK4CaloJet60Eta5p1_Centrality_30_100_v1	L1_SingleJet44_Centrality_30_100_BptxAND	HIHardProbesPeripheral	165	1	165	10.792	13	0.830153846	206.3	1	206.25	13.5	17	0.793529412	268.1	1	268.125	17.5	23	0.762478261	330	1	330	21.6	23	0.938434783	412.5	1	412.5	27	5	5.396	474.4	1	474.375	31	5	6.2054	536.3	1	536.25	35.1	5	7.0148	618.8	1	618.75	40.5	5	8.094	500
	HLT_HIPuAK4CaloJet80Eta5p1_Centrality_30_100_v1	L1_SingleJet56_Centrality_30_100_BptxAND	HIHardProbesPeripheral	46.6	1	46.6	2.829	2	1.4145	58.3	1	58.25	3.5	3	1.17875	75.7	1	75.725	4.6	5	0.919425	93.2	1	93.2	5.7	5	1.1316	116.5	1	116.5	7.1	3	2.3575	134	1	133.975	8.1	3	2.711125	151.5	1	151.45	9.2	3	3.06475	174.8	1	174.75	10.6	3	3.53625	500
	HLT_HIPuAK4CaloJet100Eta5p1_Centrality_30_100_v1	L1_SingleJet60_Centrality_30_100_BptxAND	HIHardProbesPeripheral	30.9	1	30.9	0.991	0	0	38.6	1	38.625	1.2	0	0	50.2	1	50.2125	1.6	0	0	61.8	1	61.8	2	0		77.3	1	77.25	2.5	0	0	88.8	1	88.8375	2.8	0	0	100.4	1	100.425	3.2	0	0	115.9	1	115.875	3.7	0	0	500
	HLT_HIPuAK4CaloJet40Eta5p1_Centrality_50_100_v1	L1_SingleJet28_Centrality_50_100_BptxAND	HIHardProbesPeripheral	167.2	1	167.2	18.016	19	0.948210526	209	1	209	22.5	23	0.979130435	271.7	1	271.7	29.3	37	0.791243243	334.4	1	334.4	36	43	0.837953488	418	1	418	45	5	9.008	480.7	1	480.7	51.8	5	10.3592	543.4	1	543.4	58.6	5	11.7104	627	1	627	67.6	7	9.651428571	300
	HLT_HIPuAK4CaloJet60Eta5p1_Centrality_50_100_v1	L1_SingleJet44_Centrality_50_100_BptxAND	HIHardProbesPeripheral	27.6	1	27.6	2.612	2	1.306	34.5	1	34.5	3.3	3	1.088333333	44.9	1	44.85	4.2	5	0.8489	55.2	1	55.2	5.2	5	1.0448	69	1	69	6.5	3	2.176666667	79.4	1	79.35	7.5	2	3.75475	89.7	1	89.7	8.5	2	4.2445	103.5	1	103.5	9.8	2	4.8975	300
	HLT_HIPuAK4CaloJet80Eta5p1_Centrality_50_100_v1	L1_SingleJet56_Centrality_50_100_BptxAND	HIHardProbesPeripheral	8.7	1	8.7	0.775	1	0.775	10.9	1	10.875	1	1	0.96875	14.1	1	14.1375	1.3	1	1.259375	17.4	1	17.4	1.6	1	1.55	21.8	1	21.75	1.9	2	0.96875	25	1	25.0125	2.2	1	2.228125	28.3	1	28.275	2.5	1	2.51875	32.6	1	32.625	2.9	1	2.90625	300
	HLT_HIPuAK4CaloJet100Eta5p1_Centrality_50_100_v1	L1_SingleJet60_Centrality_50_100_BptxAND	HIHardProbesPeripheral	6	1	6	0.198	0	0	7.5	1	7.5	0.2	0	0	9.8	1	9.75	0.3	0	0	12	1	12	0.4	0		15	1	15	0.5	0	0	17.3	1	17.25	0.6	0	0	19.5	1	19.5	0.6	0	0	22.5	1	22.5	0.7	0	0	300
	HLT_HICsAK4PFJet60Eta1p5_Centrality_30_100_v1	L1_SingleJet44_Centrality_30_100_BptxAND	HIHardProbesPeripheral	165	1	165	4.666	5	0.9332	206.3	1	206.25	5.8	2	2.91625	268.1	1	268.125	7.6	11	0.689295455	330	1	330	9.3	13	0.717846154	412.5	1	412.5	11.7	3	3.888333333	474.4	1	474.375	13.4	3	4.471583333	536.3	1	536.25	15.2	3	5.054833333	618.8	1	618.75	17.5	3	5.8325	500
	HLT_HICsAK4PFJet80Eta1p5_Centrality_30_100_v1	L1_SingleJet56_Centrality_30_100_BptxAND	HIHardProbesPeripheral	46.6	1	46.6	1.639	1	1.639	58.3	1	58.25	2	1	2.04875	75.7	1	75.725	2.7	2	1.3316875	93.2	1	93.2	3.3	3	1.092666667	116.5	1	116.5	4.1	2	2.04875	134	1	133.975	4.7	2	2.3560625	151.5	1	151.45	5.3	2	2.663375	174.8	1	174.75	6.1	2	3.073125	500
	HLT_HICsAK4PFJet100Eta1p5_Centrality_30_100_v1	L1_SingleJet60_Centrality_30_100_BptxAND	HIHardProbesPeripheral	30.9	1	30.9	0.558	0	0	38.6	1	38.625	0.7	0	0	50.2	1	50.2125	0.9	0		61.8	1	61.8	1.1	0		77.3	1	77.25	1.4	0	0	88.8	1	88.8375	1.6	0	0	100.4	1	100.425	1.8	0	0	115.9	1	115.875	2.1	0	0	500
	HLT_HICsAK4PFJet60Eta1p5_Centrality_50_100_v1	L1_SingleJet44_Centrality_50_100_BptxAND	HIHardProbesPeripheral	27.6	1	27.6	1.135	1	1.135	34.5	1	34.5	1.4	1	1.41875	44.9	1	44.85	1.8	1	1.844375	55.2	1	55.2	2.3	2	1.135	69	1	69	2.8	2	1.41875	79.4	1	79.35	3.3	2	1.6315625	89.7	1	89.7	3.7	2	1.844375	103.5	1	103.5	4.3	2	2.128125	300
	HLT_HICsAK4PFJet80Eta1p5_Centrality_50_100_v1	L1_SingleJet56_Centrality_50_100_BptxAND	HIHardProbesPeripheral	8.7	1	8.7	0.468	1	0.468	10.9	1	10.875	0.6	1	0.585	14.1	1	14.1375	0.8	1	0.7605	17.4	1	17.4	0.9	1	0.936	21.8	1	21.75	1.2	1	1.17	25	1	25.0125	1.3	1	1.3455	28.3	1	28.275	1.5	1	1.521	32.6	1	32.625	1.8	1	1.755	300
	HLT_HICsAK4PFJet100Eta1p5_Centrality_50_100_v1	L1_SingleJet60_Centrality_50_100_BptxAND	HIHardProbesPeripheral	6	1	6	0.126	0	0	7.5	1	7.5	0.2	0	0	9.8	1	9.75	0.2	0	0	12	1	12	0.3	0		15	1	15	0.3	0	0	17.3	1	17.25	0.4	0	0	19.5	1	19.5	0.4	0	0	22.5	1	22.5	0.5	0	0	300
	HLT_HIGEDPhoton10_Cent30_100_v1	L1_SingleEG3_Centrality_30_100_BptxAND	HIHardProbesPeripheral	2284.2	1	2284.2	101.7	137	0.742335766	2855.3	1	2855.25	127.1	167	0.761227545	3711.8	1	3711.825	165.3	223	0.741087444	4568.4	1	4568.4	203.4	271	0.750553506	5710.5	1	5710.5	254.3	337	0.754451039	6567.1	1	6567.075	292.4	389	0.751638818	7423.7	1	7423.65	330.5	443	0.746106095	8565.8	1	8565.75	381.4	509	0.749263261	500
	HLT_HIGEDPhoton20_Cent30_100_v1	L1_SingleEG3_Centrality_30_100_BptxAND	HIHardProbesPeripheral	2284.2	1	2284.2	8.594	11	0.781272727	2855.3	1	2855.25	10.7	13	0.826346154	3711.8	1	3711.825	14	17	0.821485294	4568.4	1	4568.4	17.2	19	0.904631579	5710.5	1	5710.5	21.5	11	1.953181818	6567.1	1	6567.075	24.7	11	2.246159091	7423.7	1	7423.65	27.9	11	2.539136364	8565.8	1	8565.75	32.2	11	2.929772727	500
	HLT_HIGEDPhoton30_Cent30_100_v1	L1_SingleEG7_Centrality_30_100_BptxAND	HIHardProbesPeripheral	459.5	1	459.5	1.766	2	0.883	574.4	1	574.375	2.2	12	0.183958333	746.7	1	746.6875	2.9	3	0.956583333	919	1	919	3.5	5	0.7064	1148.8	1	1148.75	4.4	5	0.883	1321.1	1	1321.0625	5.1	5	1.01545	1493.4	1	1493.375	5.7	5	1.1479	1723.1	1	1723.125	6.6	7	0.946071429	500
	HLT_HIGEDPhoton40_Cent30_100_v1	L1_SingleEG21_Centrality_30_100_BptxAND	HIHardProbesPeripheral	12.1	1	12.1	0.54	0	0	15.1	1	15.125	0.7	0	0	19.7	1	19.6625	0.9	0	0	24.2	1	24.2	1.1	0	0	30.3	1	30.25	1.4	0	0	34.8	1	34.7875	1.6	0	0	39.3	1	39.325	1.8	0	0	45.4	1	45.375	2	0	0	500
	HLT_HIIslandPhoton10_Eta3p1_Cent30_100_v1	L1_SingleEG3_Centrality_30_100_BptxAND	HIHardProbesPeripheral	2284.2	1	2284.2	178.502	263	0.678714829	2855.3	1	2855.25	223.1	331	0.674101209	3711.8	1	3711.825	290.1	421	0.68899228	4568.4	1	4568.4	357	523	0.682608031	5710.5	1	5710.5	446.3	653	0.683392037	6567.1	1	6567.075	513.2	751	0.683346538	7423.7	1	7423.65	580.1	853	0.680107269	8565.8	1	8565.75	669.4	983	0.6809588	500
	HLT_HIIslandPhoton20_Eta3p1_Cent30_100_v1	L1_SingleEG3_Centrality_30_100_BptxAND	HIHardProbesPeripheral	2284.2	1	2284.2	14.989	17	0.881705882	2855.3	1	2855.25	18.7	23	0.814619565	3711.8	1	3711.825	24.4	29	0.839900862	4568.4	1	4568.4	30	37	0.810216216	5710.5	1	5710.5	37.5	11	3.406590909	6567.1	1	6567.075	43.1	11	3.917579545	7423.7	1	7423.65	48.7	11	4.428568182	8565.8	1	8565.75	56.2	19	2.958355263	500
	HLT_HIIslandPhoton30_Eta3p1_Cent30_100_v1	L1_SingleEG7_Centrality_30_100_BptxAND	HIHardProbesPeripheral	459.5	1	459.5	2.774	3	0.924666667	574.4	1	574.375	3.5	3	1.155833333	746.7	1	746.6875	4.5	5	0.90155	919	1	919	5.5	2	2.774	1148.8	1	1148.75	6.9	5	1.387	1321.1	1	1321.0625	8	5	1.59505	1493.4	1	1493.375	9	5	1.8031	1723.1	1	1723.125	10.4	5	2.0805	500
	HLT_HIIslandPhoton40_Eta3p1_Cent30_100_v1	L1_SingleEG21_Centrality_30_100_BptxAND	HIHardProbesPeripheral	12.1	1	12.1	0.775	0	0	15.1	1	15.125	1	0	0	19.7	1	19.6625	1.3	0	0	24.2	1	24.2	1.6	0	0	30.3	1	30.25	1.9	0	0	34.8	1	34.7875	2.2	0	0	39.3	1	39.325	2.5	0	0	45.4	1	45.375	2.9	0	0	500
	HLT_HIGEDPhoton10_Cent50_100_v1	L1_SingleEG3_Centrality_50_100_BptxAND	HIHardProbesPeripheral	869.2	1	869.2	25.186	31	0.812451613	1086.5	1	1086.5	31.5	41	0.767865854	1412.5	1	1412.45	40.9	53	0.772212264	1738.4	1	1738.4	50.4	67	0.751820896	2173	1	2173	63	41	1.535731707	2499	1	2498.95	72.4	41	1.766091463	2824.9	1	2824.9	81.9	41	1.99645122	3259.5	1	3259.5	94.4	71	1.330246479	300
	HLT_HIGEDPhoton20_Cent50_100_v1	L1_SingleEG3_Centrality_50_100_BptxAND	HIHardProbesPeripheral	869.2	1	869.2	2.036	1	2.036	1086.5	1	1086.5	2.5	2	1.2725	1412.5	1	1412.45	3.3	3	1.102833333	1738.4	1	1738.4	4.1	3	1.357333333	2173	1	2173	5.1	7	0.727142857	2499	1	2498.95	5.9	7	0.836214286	2824.9	1	2824.9	6.6	7	0.945285714	3259.5	1	3259.5	7.6	7	1.090714286	300
	HLT_HIGEDPhoton30_Cent50_100_v1	L1_SingleEG7_Centrality_50_100_BptxAND	HIHardProbesPeripheral	101	1	101	0.378	1	0.378	126.3	1	126.25	0.5	1	0.4725	164.1	1	164.125	0.6	1	0.61425	202	1	202	0.8	1	0.756	252.5	1	252.5	0.9	3	0.315	290.4	1	290.375	1.1	3	0.36225	328.3	1	328.25	1.2	3	0.4095	378.8	1	378.75	1.4	3	0.4725	300
	HLT_HIGEDPhoton40_Cent50_100_v1	L1_SingleEG21_Centrality_50_100_BptxAND	HIHardProbesPeripheral	2.8	1	2.8	0.108	0	0	3.5	1	3.5	0.1	0	0	4.6	1	4.55	0.2	0	0	5.6	1	5.6	0.2	0	0	7	1	7	0.3	0	0	8.1	1	8.05	0.3	0	0	9.1	1	9.1	0.4	0	0	10.5	1	10.5	0.4	0	0	300
	HLT_HIIslandPhoton10_Eta3p1_Cent50_100_v1	L1_SingleEG3_Centrality_50_100_BptxAND	HIHardProbesPeripheral	869.2	1	869.2	33.618	47	0.715276596	1086.5	1	1086.5	42	61	0.688893443	1412.5	1	1412.45	54.6	79	0.691509494	1738.4	1	1738.4	67.2	101	0.66570297	2173	1	2173	84	41	2.049878049	2499	1	2498.95	96.7	41	2.357359756	2824.9	1	2824.9	109.3	41	2.664841463	3259.5	1	3259.5	126.1	71	1.775598592	300
	HLT_HIIslandPhoton20_Eta3p1_Cent50_100_v1	L1_SingleEG3_Centrality_50_100_BptxAND	HIHardProbesPeripheral	869.2	1	869.2	3.297	3	1.099	1086.5	1	1086.5	4.1	5	0.82425	1412.5	1	1412.45	5.4	5	1.071525	1738.4	1	1738.4	6.6	7	0.942	2173	1	2173	8.2	7	1.1775	2499	1	2498.95	9.5	7	1.354125	2824.9	1	2824.9	10.7	7	1.53075	3259.5	1	3259.5	12.4	7	1.76625	300
	HLT_HIIslandPhoton30_Eta3p1_Cent50_100_v1	L1_SingleEG7_Centrality_50_100_BptxAND	HIHardProbesPeripheral	101	1	101	0.558	1	0.558	126.3	1	126.25	0.7	1	0.6975	164.1	1	164.125	0.9	1	0.90675	202	1	202	1.1	1	1.116	252.5	1	252.5	1.4	3	0.465	290.4	1	290.375	1.6	3	0.53475	328.3	1	328.25	1.8	3	0.6045	378.8	1	378.75	2.1	2	1.04625	300
	HLT_HIIslandPhoton40_Eta3p1_Cent50_100_v1	L1_SingleEG21_Centrality_50_100_BptxAND	HIHardProbesPeripheral	2.8	1	2.8	0.126	0	0	3.5	1	3.5	0.2	0	0	4.6	1	4.55	0.2	0	0	5.6	1	5.6	0.3	0	0	7	1	7	0.3	0	0	8.1	1	8.05	0.4	0	0	9.1	1	9.1	0.4	0	0	10.5	1	10.5	0.5	0	0	300
																																																				
																																																				
Flow	HLT_HIFullTracks_Multiplicity020_HF1AND_v1	L1_NotETT80_MinimumBiasHF1_AND_BptxAND	HILowMultiplicityReducedFormat	787.5	0	0	0	0	0	984.4	0	0	0	0	0	1279.7	0	0	0	0	0	1575	0	0	0	0	0	1968.8	0	0	0	0	0	2264.1	0	0	0	0	0	2559.4	0	0	0	0	0	2953.2	0	0	0	0	0	100
	HLT_HIFullTracks_Multiplicity020_HF1OR_v1	L1_NotETT80_MinimumBiasHF1_OR_BptxAND	HILowMultiplicityReducedFormat	1313.8	0	0	0	0	0	1642.2	0	0	0	0	0	2134.9	0	0	0	0	0	2627.5	0	0	0	0	0	3284.4	0	0	0	0	0	3777.1	0	0	0	0	0	4269.7	0	0	0	0	0	4926.6	0	0	0	0	0	100
	HLT_HIFullTracks_Multiplicity020_HF2OR_v1	L1_NotETT80_MinimumBiasHF2_OR_BptxAND	HILowMultiplicityReducedFormat	0	0	0	0	0	0	0	0	0	0	0	0	0	0	0	0	0	0	0	0	0	0	0	0	0	0	0	0	0	0	0	0	0	0	0	0	0	0	0	0	0	0	0	0	0	0	0	0	100
	HLT_HIFullTracks_Multiplicity020_v1	L1_ETT35_NotETT80_BptxAND	HILowMultiplicityReducedFormat	1728.8	0	0	0	0	0	2161	0	0	0	0	0	2809.3	0	0	0	0	0	3457.6	0	0	0	0	0	4322	0	0	0	0	0	4970.3	0	0	0	0	0	5618.6	0	0	0	0	0	6483	0	0	0	0	0	100
	HLT_HIFullTracks_Multiplicity2040_HF1AND_v1	L1_NotETT95_MinimumBiasHF1_AND_BptxAND	HILowMultiplicityReducedFormat	1081.8	0	0	0	0	0	1352.2	0	0	0	0	0	1757.9	0	0	0	0	0	2163.5	0	0	0	0	0	2704.4	0	0	0	0	0	3110.1	0	0	0	0	0	3515.7	0	0	0	0	0	4056.6	0	0	0	0	0	110
	HLT_HIFullTracks_Multiplicity2040_HF1OR_v1	L1_NotETT95_MinimumBiasHF1_OR_BptxAND	HILowMultiplicityReducedFormat	2369.3	1	2369.28	400.2	1	400.16	2961.6	1	2962	500.2	1	500.2	3850.1	1	3850.08	650.3	1	650.26	4738.6	3	1579.52	800.3	1	266.7733333	5923.2	3	1974	1000.4	1	333.4666667	6811.7	3	2270.56	1150.5	1	383.4866667	7700.2	3	2566.72	1300.5	1	433.5066667	8884.8	3	2962	1500.6	1	500.2	110
	HLT_HIFullTracks_Multiplicity2040_HF2OR_v1	L1_NotETT95_MinimumBiasHF2_OR_BptxAND	HILowMultiplicityReducedFormat	0	0	0	0	0	0	0	0	0	0	0	0	0	0	0	0	0	0	0	0	0	0	0	0	0	0	0	0	0	0	0	0	0	0	0	0	0	0	0	0	0	0	0	0	0	0	0	0	110
	HLT_HIFullTracks_Multiplicity2040_v1	L1_ETT40_NotETT95_BptxAND	HILowMultiplicityReducedFormat	2018.6	0	0	0	0	0	2523.2	0	0	0	0	0	3280.2	0	0	0	0	0	4037.1	0	0	0	0	0	5046.4	0	0	0	0	0	5803.4	0	0	0	0	0	6560.3	0	0	0	0	0	7569.6	0	0	0	0	0	110
	HLT_HIFullTracks_Multiplicity4060_v1	L1_ETT45_NotETT110_BptxAND	HILowMultiplicityReducedFormat	1434.4	1	1434.4	79	1	79.04	1793	1	1793	98.8	1	98.8	2330.9	3	776.9666667	128.4	1	42.81333333	2868.8	1	2868.8	158.1	1	158.08	3586	1	3586	197.6	1	197.6	4123.9	1	4123.9	227.2	1	227.24	4661.8	1	4661.8	256.9	1	256.88	5379	3	1793	296.4	1	98.8	150
	HLT_HIFullTracks_Multiplicity6080_v1	L1_ETT50_NotETT120_BptxAND	HILowMultiplicityReducedFormat	1397.3	1	1397.28	67.5	1	67.52	1746.6	3	582	84.4	1	28.13333333	2270.6	5	454.116	109.7	1	21.944	2794.6	3	931.52	135	1	45.01333333	3493.2	3	1164	168.8	1	56.26666667	4017.2	3	1339.06	194.1	1	64.70666667	4541.2	7	648.7371429	219.4	1	31.34857143	5239.8	7	749	253.2	1	36.17142857	200
	HLT_HIFullTracks_Multiplicity80100_v1	L1_ETT55_NotETT130_BptxAND	HILowMultiplicityReducedFormat	1381.4	1	1381.44	57.3	1	57.28	1726.8	3	576	71.6	1	23.86666667	2244.8	7	320.6914286	93.1	1	13.29714286	2762.9	7	394.6971429	114.6	1	16.36571429	3453.6	7	493	143.2	1	20.45714286	3971.6	7	567.3771429	164.7	1	23.52571429	4489.7	11	408.1527273	186.2	1	16.92363636	5180.4	11	471	214.8	1	19.52727273	200
																																											0									
	HLT_HIL1_ETT8_ETTAsym50_MinimumBiasHF1_OR_BptxAND_v1	L1_ETT8_ETTAsym50_MinimumBiasHF1_OR_BptxAND	HIHighMultiplicityETTAsym	1757.1	0	0	0	0	0	2196.4	0	0	0	0	0	2855.3	0	0	0	0	0	3514.2	0	0	0	0	0	4392.8	0	0	0	0	0	5051.7	0	0	0	0	0	5710.6	0	0		0	0	6589.2	0	0	0	0	0	220
	HLT_HIL1_ETT10_ETTAsym50_MinimumBiasHF1_OR_BptxAND_v1	L1_ETT10_ETTAsym50_MinimumBiasHF1_OR_BptxAND	HIHighMultiplicityETTAsym	1757.1	1399	1.255982845	1757.1	1	1.255982845	2196.4	1889	1	2196.4	1	1.162731604	2855.3	2999	0.952090697	2855.3	1	0.952090697	3514.2	3089	1.137662674	3514.2	1	1.137662674	4392.8	31	142	4392.8	1	141.7032258	5051.7	37	136.532973	5051.7	1	136.532973	5710.6	43	132.8055814	5710.6	1	132.8055814	6589.2	47	140	6589.2	1	140.1957447	220
																																																				
HF / Spectra																																																				
	HLT_HIDmesonPPTrackingGlobal_Dpt15_v1	L1_SingleJet24_BptxAND	HIHeavyFlavor	3421.7	1	3422	10.7	1	10.71	4277.1	1	4277	13.4	1	13.39	5560.3	1	5560	17.4	2	8.7	6843.4	1	6843	21.4	4	5.35	8554.3	1	8554	26.8	7	3.82	9837.4	2	4919	30.8	5	3.08	11120.5	2	5560	34.8	6	2.9	12831.4	2	6416	40.2	7	2.87	3000
	HLT_HIDmesonPPTrackingGlobal_Dpt20_v1	L1_SingleJet24_BptxAND	HIHeavyFlavor	3421.7	1	3422	5.6	1	5.64	4277.1	1	4277	7	1	7.04	5560.3	1	5560	9.2	2	4.58	6843.4	1	6843	11.3	4	2.82	8554.3	1	8554	14.1	7	2.01	9837.4	2	4919	16.2	5	1.62	11120.5	2	5560	18.3	6	1.53	12831.4	2	6416	21.1	7	1.51	3000
	HLT_HIDmesonPPTrackingGlobal_Dpt30_v1	L1_SingleJet24_BptxAND	HIHeavyFlavor	3421.7	1	3422	2.1	1	2.07	4277.1	1	4277	2.6	1	2.59	5560.3	1	5560	3.4	2	1.68	6843.4	1	6843	4.1	4	1.04	8554.3	1	8554	5.2	7	0.74	9837.4	2	4919	6	5	0.6	11120.5	2	5560	6.7	6	0.56	12831.4	2	6416	7.8	7	0.56	3000
	HLT_HIDmesonPPTrackingGlobal_Dpt40_v1	L1_SingleJet44_BptxAND	HIHeavyFlavor	1598.8	1	1599	0.8	1	0.81	1998.5	1	1999	1	1	1.01	2598.1	1	2598	1.3	1	1.31	3197.6	1	3198	1.6	1	1.62	3997	1	3997	2	1	2.02	4596.6	1	4597	2.3	1	2.32	5196.1	1	5196	2.6	2	1.31	5995.5	1	5996	3	2	1.52	3000
	HLT_HIDmesonPPTrackingGlobal_Dpt50_v1	L1_SingleJet56_BptxAND	HIHeavyFlavor	815.7	1	816	0.2	1	0.19	1019.6	1	1020	0.2	1	0.24	1325.5	1	1326	0.3	1	0.31	1631.4	1	1631	0.4	1	0.39	2039.3	1	2039	0.5	1	0.48	2345.1	1	2345	0.6	1	0.56	2651	1	2651	0.6	1	0.63	3058.9	1	3059	0.7	1	0.73	3000
	HLT_HIDmesonPPTrackingGlobal_Dpt60_v1	L1_SingleJet60_BptxAND	HIHeavyFlavor	602.1	1	602	0.1	1	0.11	752.6	1	753	0.1	1	0.13	978.4	1	978	0.2	1	0.17	1204.2	1	1204	0.2	1	0.21	1505.3	1	1505	0.3	1	0.26	1731	1	1731	0.3	1	0.3	1956.8	1	1957	0.3	1	0.34	2257.9	1	2258	0.4	1	0.4	3000
	HLT_HIDsPPTrackingGlobal_Dpt20_v1	L1_SingleJet24_BptxAND	HIHeavyFlavor	3421.7	1	3422	2.9	1	2.9	4277.1	1	4277	3.6	1	3.62	5560.3	1	5560	4.7	2	2.35	6843.4	1	6843	5.8	4	1.45	8554.3	1	8554	7.2	7	1.03	9837.4	2	4919	8.3	5	0.83	11120.5	2	5560	9.4	6	0.78	12831.4	2	6416	10.9	7	0.78	3000
	HLT_HIDsPPTrackingGlobal_Dpt30_v1	L1_SingleJet24_BptxAND	HIHeavyFlavor	3421.7	1	3422	1.5	1	1.55	4277.1	1	4277	1.9	1	1.93	5560.3	1	5560	2.5	2	1.26	6843.4	1	6843	3.1	4	0.77	8554.3	1	8554	3.9	7	0.55	9837.4	2	4919	4.4	5	0.44	11120.5	2	5560	5	6	0.42	12831.4	2	6416	5.8	7	0.41	3000
	HLT_HIDsPPTrackingGlobal_Dpt40_v1	L1_SingleJet44_BptxAND	HIHeavyFlavor	1598.8	1	1599	0.5	1	0.54	1998.5	1	1999	0.7	1	0.68	2598.1	1	2598	0.9	1	0.88	3197.6	1	3198	1.1	1	1.09	3997	1	3997	1.4	1	1.36	4596.6	1	4597	1.6	1	1.56	5196.1	1	5196	1.8	2	0.88	5995.5	1	5996	2	2	1.02	3000
	HLT_HIDsPPTrackingGlobal_Dpt50_v1	L1_SingleJet56_BptxAND	HIHeavyFlavor	815.7	1	816	0.2	1	0.21	1019.6	1	1020	0.3	1	0.26	1325.5	1	1326	0.3	1	0.34	1631.4	1	1631	0.4	1	0.42	2039.3	1	2039	0.5	1	0.53	2345.1	1	2345	0.6	1	0.61	2651	1	2651	0.7	1	0.69	3058.9	1	3059	0.8	1	0.79	3000
	HLT_HIDsPPTrackingGlobal_Dpt60_v1	L1_SingleJet60_BptxAND	HIHeavyFlavor	602.1	1	602	0.1	1	0.09	752.6	1	753	0.1	1	0.11	978.4	1	978	0.1	1	0.14	1204.2	1	1204	0.2	1	0.18	1505.3	1	1505	0.2	1	0.22	1731	1	1731	0.3	1	0.25	1956.8	1	1957	0.3	1	0.29	2257.9	1	2258	0.3	1	0.33	3000
	HLT_HILcPPTrackingGlobal_Dpt20_v1	L1_SingleJet24_BptxAND	HIHeavyFlavor	3421.7	1	3422	5	1	4.99	4277.1	1	4277	6.2	1	6.23	5560.3	1	5560	8.1	2	4.05	6843.4	1	6843	10	4	2.49	8554.3	1	8554	12.5	7	1.78	9837.4	2	4919	14.3	5	1.43	11120.5	2	5560	16.2	6	1.35	12831.4	2	6416	18.7	7	1.34	3000
	HLT_HILcPPTrackingGlobal_Dpt30_v1	L1_SingleJet24_BptxAND	HIHeavyFlavor	3421.7	1	3422	2.5	1	2.49	4277.1	1	4277	3.1	1	3.12	5560.3	1	5560	4.1	2	2.03	6843.4	1	6843	5	4	1.25	8554.3	1	8554	6.2	7	0.89	9837.4	2	4919	7.2	5	0.72	11120.5	2	5560	8.1	6	0.68	12831.4	2	6416	9.3	7	0.67	3000
	HLT_HILcPPTrackingGlobal_Dpt40_v1	L1_SingleJet44_BptxAND	HIHeavyFlavor	1598.8	1	1599	0.9	1	0.91	1998.5	1	1999	1.1	1	1.14	2598.1	1	2598	1.5	1	1.48	3197.6	1	3198	1.8	1	1.83	3997	1	3997	2.3	1	2.28	4596.6	1	4597	2.6	1	2.63	5196.1	1	5196	3	2	1.48	5995.5	1	5996	3.4	2	1.71	3000
	HLT_HILcPPTrackingGlobal_Dpt50_v1	L1_SingleJet56_BptxAND	HIHeavyFlavor	815.7	1	816	0.3	1	0.3	1019.6	1	1020	0.4	1	0.37	1325.5	1	1326	0.5	1	0.49	1631.4	1	1631	0.6	1	0.6	2039.3	1	2039	0.7	1	0.75	2345.1	1	2345	0.9	1	0.86	2651	1	2651	1	1	0.97	3058.9	1	3059	1.1	1	1.12	3000
	HLT_HILcPPTrackingGlobal_Dpt60_v1	L1_SingleJet60_BptxAND	HIHeavyFlavor	602.1	1	602	0.2	1	0.16	752.6	1	753	0.2	1	0.2	978.4	1	978	0.3	1	0.26	1204.2	1	1204	0.3	1	0.32	1505.3	1	1505	0.4	1	0.4	1731	1	1731	0.5	1	0.46	1956.8	1	1957	0.5	1	0.51	2257.9	1	2258	0.6	1	0.59	3000
	HLT_HIFullTracks2018_HighPt18_v1	L1_SingleJet24_BptxAND	HIHeavyFlavor	3421.7	1	3422	26.9	11	2.45	4277.1	1	4277	33.7	11	3.06	5560.3	1	5560	43.8	12	3.65	6843.4	1	6843	53.9	12	4.49	8554.3	1	8554	67.3	14	4.81	9837.4	2	4919	77.4	5	7.74	11120.5	2	5560	87.5	6	7.29	12831.4	2	6416	101	7	7.21	3000
	HLT_HIFullTracks2018_HighPt24_v1	L1_SingleJet24_BptxAND	HIHeavyFlavor	3421.7	1	3422	8	1	7.97	4277.1	1	4277	10	1	9.96	5560.3	1	5560	13	2	6.48	6843.4	1	6843	15.9	4	3.98	8554.3	1	8554	19.9	7	2.85	9837.4	2	4919	22.9	5	2.29	11120.5	2	5560	25.9	6	2.16	12831.4	2	6416	29.9	7	2.13	3000
	HLT_HIFullTracks2018_HighPt34_v1	L1_SingleJet44_BptxAND	HIHeavyFlavor	1598.8	1	1599	1.8	1	1.84	1998.5	1	1999	2.3	1	2.3	2598.1	1	2598	3	1	3	3197.6	1	3198	3.7	1	3.69	3997	1	3997	4.6	1	4.61	4596.6	1	4597	5.3	1	5.3	5196.1	1	5196	6	2	3	5995.5	1	5996	6.9	2	3.46	3000
	HLT_HIFullTracks2018_HighPt45_v1	L1_SingleJet44_BptxAND	HIHeavyFlavor	1598.8	1	1599	0.5	1	0.54	1998.5	1	1999	0.7	1	0.68	2598.1	1	2598	0.9	1	0.88	3197.6	1	3198	1.1	1	1.09	3997	1	3997	1.4	1	1.36	4596.6	1	4597	1.6	1	1.56	5196.1	1	5196	1.8	2	0.88	5995.5	1	5996	2	2	1.02	3000
																																																				
Forward	HLT_HIUPC_Mu8_Mu13_v1	L1_SingleMu0_NotMinimumBiasHF2_AND_BptxAND	HIForward	14.4	1	14.4	0.1	1	0.096	18	1	18	0.1	1	0.12	23.4	1	23.4	0.2	1	0.156	28.8	1	28.8	0.2	1	0.192	36	1	36	0.2	1	0.24	41.4	1	41.4	0.3	1	0.276	46.8	1	46.8	0.3	1	0.312	54	1	54	0.4	1	0.36	100
	HLT_HIUPC_Mu8_Mu13_MaxPixelTrack_v1	L1_SingleMuOpen_BptxAND	HIForward	1255.4	1	1255.36	0.2	1	0.202673555	1569.2	1	1569.2	0.3	1	0.253341944	2040	1	2039.96	0.3	1	0.329344527	2510.7	1	2510.72	0.4	1	0.40534711	3138.4	1	3138.4	0.5	1	0.506683888	3609.2	1	3609.16	0.6	1	0.582686471	4079.9	1	4079.92	0.7	1	0.658689054	4707.6	1	4707.6	0.8	1	0.760025831	100
	HLT_HIUPC_SingleMuOpen_BptxAND_MaxPixelTrack_v1	L1_SingleMuOpen_BptxAND	HIForward	1255.4	1	1255.36	22.4	1	22.4	1569.2	1	1569.2	28	1	28	2040	1	2039.96	36.4	1	36.4	2510.7	1	2510.72	44.8	1	44.8	3138.4	1	3138.4	56	1	56	3609.2	1	3609.16	64.4	1	64.4	4079.9	1	4079.92	72.8	1	72.8	4707.6	1	4707.6	84	1	84	100
	HLT_HIUPC_SingleMuOpen_NotMBHF2OR_MaxPixelTrack_v1	L1_SingleMuOpen_NotMinimumBiasHF2_OR_BptxAND	HIForward	6.4	1	6.4	3.2	1	3.2	8	1	8	4	1	4	10.4	1	10.4	5.2	1	5.2	12.8	1	12.8	6.4	1	6.4	16	1	16	8	1	8	18.4	1	18.4	9.2	1	9.2	20.8	1	20.8	10.4	1	10.4	24	1	24	12	1	12	100
	HLT_HIUPC_SingleMuOpen_NotMBHF2AND_MaxPixelTrack_v1	L1_SingleMuOpen_NotMinimumBiasHF2_AND_BptxAND	HIForward	24	1	24	9.6	1	9.6	30	1	30	12	1	12	39	1	39	15.6	1	15.6	48	1	48	19.2	1	19.2	60	1	60	24	1	24	69	1	69	27.6	1	27.6	78	1	78	31.2	1	31.2	90	1	90	36	1	36	100
	HLT_HIUPC_SingleMuOpen_NotMBHF2AND_v1	L1_SingleMuOpen_NotMinimumBiasHF2_AND_BptxAND	HIForward	24	1	24	24	1	24	30	1	30	30	1	30	39	1	39	39	1	39	48	1	48	48	1	48	60	1	60	60	1	60	69	1	69	69	1	69	78	1	78	78	1	78	90	1	90	90	1	90	100
	HLT_HIUPC_SingleMuOpen_NotMBHF2OR_v1	L1_SingleMuOpen_NotMinimumBiasHF2_OR_BptxAND	HIForward	6.4	1	6.4	6.4	1	6.4	8	1	8	8	1	8	10.4	1	10.4	10.4	1	10.4	12.8	1	12.8	12.8	1	12.8	16	1	16	16	1	16	18.4	1	18.4	18.4	1	18.4	20.8	1	20.8	20.8	1	20.8	24	1	24	24	1	24	100
	HLT_HIUPC_SingleMu0_NotMBHF2OR_MaxPixelTrack_v1	L1_SingleMu0_NotMinimumBiasHF2_OR_BptxAND	HIForward	2.4	1	2.4	1.3	1	1.28	3	1	3	1.6	1	1.6	3.9	1	3.9	2.1	1	2.08	4.8	1	4.8	2.6	1	2.56	6	1	6	3.2	1	3.2	6.9	1	6.9	3.7	1	3.68	7.8	1	7.8	4.2	1	4.16	9	1	9	4.8	1	4.8	100
	HLT_HIUPC_SingleMu0_NotMBHF2AND_MaxPixelTrack_v1	L1_SingleMu0_NotMinimumBiasHF2_AND_BptxAND	HIForward	14.4	1	14.4	5.6	1	5.6	18	1	18	7	1	7	23.4	1	23.4	9.1	1	9.1	28.8	1	28.8	11.2	1	11.2	36	1	36	14	1	14	41.4	1	41.4	16.1	1	16.1	46.8	1	46.8	18.2	1	18.2	54	1	54	21	1	21	100
	HLT_HIUPC_SingleMu0_NotMBHF2AND_v1	L1_SingleMu0_NotMinimumBiasHF2_AND_BptxAND	HIForward	14.4	1	14.4	14.4	1	14.4	18	1	18	18	1	18	23.4	1	23.4	23.4	1	23.4	28.8	1	28.8	28.8	1	28.8	36	1	36	36	1	36	41.4	1	41.4	41.4	1	41.4	46.8	1	46.8	46.8	1	46.8	54	1	54	54	1	54	100
	HLT_HIUPC_SingleMu0_NotMBHF2OR_v1	L1_SingleMu0_NotMinimumBiasHF2_OR_BptxAND	HIForward	2.4	1	2.4	2.4	1	2.4	3	1	3	3	1	3	3.9	1	3.9	3.9	1	3.9	4.8	1	4.8	4.8	1	4.8	6	1	6	6	1	6	6.9	1	6.9	6.9	1	6.9	7.8	1	7.8	7.8	1	7.8	9	1	9	9	1	9	100
	HLT_HIUPC_SingleMu3_NotMBHF2OR_MaxPixelTrack_v1	L1_SingleMu3_NotMinimumBiasHF2_OR_BptxAND	HIForward	1.1	1	1.12	0.5	1	0.48	1.4	1	1.4	0.6	1	0.6	1.8	1	1.82	0.8	1	0.78	2.2	1	2.24	1	1	0.96	2.8	1	2.8	1.2	1	1.2	3.2	1	3.22	1.4	1	1.38	3.6	1	3.64	1.6	1	1.56	4.2	1	4.2	1.8	1	1.8	100
	HLT_HIUPC_SingleMu3_NotMBHF2OR_v1	L1_SingleMu3_NotMinimumBiasHF2_OR_BptxAND	HIForward	1.1	1	1.12	1.1	1	1.12	1.4	1	1.4	1.4	1	1.4	1.8	1	1.82	1.8	1	1.82	2.2	1	2.24	2.2	1	2.24	2.8	1	2.8	2.8	1	2.8	3.2	1	3.22	3.2	1	3.22	3.6	1	3.64	3.6	1	3.64	4.2	1	4.2	4.2	1	4.2	100
	HLT_HIUPC_SingleMu0_BptxAND_MaxPixelTrack_v1	L1_SingleMu0_BptxAND	HIForward	581.1	1	581.12	12	1	12	726.4	1	726.4	15	1	15	944.3	1	944.32	19.5	1	19.5	1162.2	1	1162.24	24	1	24	1452.8	1	1452.8	30	1	30	1670.7	1	1670.72	34.5	1	34.5	1888.6	1	1888.64	39	1	39	2179.2	1	2179.2	45	1	45	100
	HLT_HIUPC_SingleMu3_BptxAND_MaxPixelTrack_v1	L1_SingleMu3_BptxAND	HIForward	325.6	1	325.6	9.1	1	9.12	407	1	407	11.4	1	11.4	529.1	1	529.1	14.8	1	14.82	651.2	1	651.2	18.2	1	18.24	814	1	814	22.8	1	22.8	936.1	1	936.1	26.2	1	26.22	1058.2	1	1058.2	29.6	1	29.64	1221	1	1221	34.2	1	34.2	100
																																																				
	HLT_HIUPC_DoubleMuOpen_BptxAND_MaxPixelTrack_v1	L1_DoubleMuOpen_BptxAND	HIForward	274.4	1	274.4	3.4	1	3.36	343	1	343	4.2	1	4.2	445.9	1	445.9	5.5	1	5.46	548.8	1	548.8	6.7	1	6.72	686	1	686	8.4	1	8.4	788.9	1	788.9	9.7	1	9.66	891.8	1	891.8	10.9	1	10.92	1029	1	1029	12.6	1	12.6	100
	HLT_HIUPC_DoubleMuOpen_NotMBHF2OR_MaxPixelTrack_v1	L1_DoubleMuOpen_NotMinimumBiasHF2_OR_BptxAND	HIForward	0.8	1	0.8	0.5	1	0.48	1	1	1	0.6	1	0.6	1.3	1	1.3	0.8	1	0.78	1.6	1	1.6	1	1	0.96	2	1	2	1.2	1	1.2	2.3	1	2.3	1.4	1	1.38	2.6	1	2.6	1.6	1	1.56	3	1	3	1.8	1	1.8	100
	HLT_HIUPC_DoubleMuOpen_NotMBHF2OR_v1	L1_DoubleMuOpen_NotMinimumBiasHF2_OR_BptxAND	HIForward	0.8	1	0.8	0.8	1	0.8	1	1	1	1	1	1	1.3	1	1.3	1.3	1	1.3	1.6	1	1.6	1.6	1	1.6	2	1	2	2	1	2	2.3	1	2.3	2.3	1	2.3	2.6	1	2.6	2.6	1	2.6	3	1	3	3	1	3	100
	HLT_HIUPC_DoubleMu0_BptxAND_MaxPixelTrack_v1	L1_DoubleMu0_BptxAND	HIForward	172.8	1	172.8	2.4	1	2.4	216	1	216	3	1	3	280.8	1	280.8	3.9	1	3.9	345.6	1	345.6	4.8	1	4.8	432	1	432	6	1	6	496.8	1	496.8	6.9	1	6.9	561.6	1	561.6	7.8	1	7.8	648	1	648	9	1	9	100
	HLT_HIUPC_DoubleMu0_NotMBHF2OR_MaxPixelTrack_v1	L1_DoubleMu0_NotMinimumBiasHF2_OR_BptxAND	HIForward	0.6	1	0.64	0.3	1	0.32	0.8	1	0.8	0.4	1	0.4	1	1	1.04	0.5	1	0.52	1.3	1	1.28	0.6	1	0.64	1.6	1	1.6	0.8	1	0.8	1.8	1	1.84	0.9	1	0.92	2.1	1	2.08	1	1	1.04	2.4	1	2.4	1.2	1	1.2	100
	HLT_HIUPC_DoubleMu0_NotMBHF2AND_MaxPixelTrack_v1	L1_DoubleMu0_NotMinimumBiasHF2_AND_BptxAND	HIForward	4	1	4	2.6	1	2.56	5	1	5	3.2	1	3.2	6.5	1	6.5	4.2	1	4.16	8	1	8	5.1	1	5.12	10	1	10	6.4	1	6.4	11.5	1	11.5	7.4	1	7.36	13	1	13	8.3	1	8.32	15	1	15	9.6	1	9.6	100
	HLT_HIUPC_DoubleMu0_NotMBHF2AND_v1	L1_DoubleMu0_NotMinimumBiasHF2_AND_BptxAND	HIForward	4	1	4	4	1	4	5	1	5	5	1	5	6.5	1	6.5	6.5	1	6.5	8	1	8	8	1	8	10	1	10	10	1	10	11.5	1	11.5	11.5	1	11.5	13	1	13	13	1	13	15	1	15	15	1	15	100
	HLT_HIUPC_DoubleMu0_NotMBHF2OR_v1	L1_DoubleMu0_NotMinimumBiasHF2_OR_BptxAND	HIForward	0.6	1	0.64	0.6	1	0.64	0.8	1	0.8	0.8	1	0.8	1	1	1.04	1	1	1.04	1.3	1	1.28	1.3	1	1.28	1.6	1	1.6	1.6	1	1.6	1.8	1	1.84	1.8	1	1.84	2.1	1	2.08	2.1	1	2.08	2.4	1	2.4	2.4	1	2.4	100
																																																				
	HLT_HIUPC_DoubleEG2_BptxAND_SinglePixelTrack_MaxPixelTrack_v1	L1_DoubleEG2_BptxAND	HIForward	288	0	#DIV/0!	#DIV/0!	0	#DIV/0!	360	0	#DIV/0!	#DIV/0!	0	#DIV/0!	468	0	#DIV/0!	#DIV/0!	0	#DIV/0!	576	0	#DIV/0!	#DIV/0!	0	#DIV/0!	720	0	#DIV/0!	#DIV/0!	0	#DIV/0!	828	0	#DIV/0!	#DIV/0!	0	#DIV/0!	936	0	#DIV/0!	#DIV/0!	0	#DIV/0!	1080	0	#DIV/0!	#DIV/0!	0	#DIV/0!	100
	HLT_HIUPC_DoubleEG2_NotMBHF2OR_SinglePixelTrack_MaxPixelTrack_v1	L1_DoubleEG2_NotMinimumBiasHF2_OR_BptxAND	HIForward	0.3	1	0.32	0.1	1	0.08	0.4	1	0.4	0.1	1	0.1	0.5	1	0.52	0.1	1	0.13	0.6	1	0.64	0.2	1	0.16	0.8	1	0.8	0.2	1	0.2	0.9	1	0.92	0.2	1	0.23	1	1	1.04	0.3	1	0.26	1.2	1	1.2	0.3	1	0.3	100
	HLT_HIUPC_DoubleEG2_NotMBHF2OR_v1	L1_DoubleEG2_NotMinimumBiasHF2_OR_BptxAND	HIForward	0.3	1	0.32	0.3	1	0.32	0.4	1	0.4	0.4	1	0.4	0.5	1	0.52	0.5	1	0.52	0.6	1	0.64	0.6	1	0.64	0.8	1	0.8	0.8	1	0.8	0.9	1	0.92	0.9	1	0.92	1	1	1.04	1	1	1.04	1.2	1	1.2	1.2	1	1.2	100
	HLT_HIUPC_DoubleEG2_NotMBHF2OR_SinglePixelTrack_v1	L1_DoubleEG2_NotMinimumBiasHF2_OR_BptxAND	HIForward	0.3	1	0.32	0.2	1	0.16	0.4	1	0.4	0.2	1	0.2	0.5	1	0.52	0.3	1	0.26	0.6	1	0.64	0.3	1	0.32	0.8	1	0.8	0.4	1	0.4	0.9	1	0.92	0.5	1	0.46	1	1	1.04	0.5	1	0.52	1.2	1	1.2	0.6	1	0.6	100
	HLT_HIUPC_DoubleEG2_NotMBHF2AND_SinglePixelTrack_MaxPixelTrack_v1	L1_DoubleEG2_NotMinimumBiasHF2_AND_BptxAND	HIForward	12.5	1	12.48	0.2	1	0.24	15.6	1	15.6	0.3	1	0.3	20.3	1	20.28	0.4	1	0.39	25	1	24.96	0.5	1	0.48	31.2	1	31.2	0.6	1	0.6	35.9	1	35.88	0.7	1	0.69	40.6	1	40.56	0.8	1	0.78	46.8	1	46.8	0.9	1	0.9	100
	HLT_HIUPC_DoubleEG2_NotMBHF2AND_SinglePixelTrack_v1	L1_DoubleEG2_NotMinimumBiasHF2_AND_BptxAND	HIForward	12.5	1	12.48	9.4	1	9.44	15.6	1	15.6	11.8	1	11.8	20.3	1	20.28	15.3	1	15.34	25	1	24.96	18.9	1	18.88	31.2	1	31.2	23.6	1	23.6	35.9	1	35.88	27.1	1	27.14	40.6	1	40.56	30.7	1	30.68	46.8	1	46.8	35.4	1	35.4	100
	HLT_HIUPC_DoubleEG2_NotMBHF2AND_v1	L1_DoubleEG2_NotMinimumBiasHF2_AND_BptxAND	HIForward	12.5	1	12.48	12.5	1	12.48	15.6	1	15.6	15.6	1	15.6	20.3	1	20.28	20.3	1	20.28	25	1	24.96	25	1	24.96	31.2	1	31.2	31.2	1	31.2	35.9	1	35.88	35.9	1	35.88	40.6	1	40.56	40.6	1	40.56	46.8	1	46.8	46.8	1	46.8	100
	HLT_HIUPC_DoubleEG5_NotMBHF2OR_SinglePixelTrack_MaxPixelTrack_v1	L1_DoubleEG5_NotMinimumBiasHF2_OR_BptxAND	HIForward	0.1	1	0.08	0	1	0.0016	0.1	1	0.1	0	1	0.002	0.1	1	0.13	0	1	0.0026	0.2	1	0.16	0	1	0.0032	0.2	1	0.2	0	1	0.004	0.2	1	0.23	0	1	0.0046	0.3	1	0.26	0	1	0.0052	0.3	1	0.3	0	1	0.006	100
	HLT_HIUPC_DoubleEG5_NotMBHF2AND_SinglePixelTrack_MaxPixelTrack_v1	L1_DoubleEG5_NotMinimumBiasHF2_AND_BptxAND	HIForward	2.1	1	2.08	0	1	0.04	2.6	1	2.6	0.1	1	0.05	3.4	1	3.38	0.1	1	0.065	4.2	1	4.16	0.1	1	0.08	5.2	1	5.2	0.1	1	0.1	6	1	5.98	0.1	1	0.115	6.8	1	6.76	0.1	1	0.13	7.8	1	7.8	0.2	1	0.15	100
	HLT_HIUPC_DoubleEG5_NotMBHF2AND_SinglePixelTrack_v1	L1_DoubleEG5_NotMinimumBiasHF2_AND_BptxAND	HIForward	2.1	1	2.08	1.1	1	1.12	2.6	1	2.6	1.4	1	1.4	3.4	1	3.38	1.8	1	1.82	4.2	1	4.16	2.2	1	2.24	5.2	1	5.2	2.8	1	2.8	6	1	5.98	3.2	1	3.22	6.8	1	6.76	3.6	1	3.64	7.8	1	7.8	4.2	1	4.2	100
	HLT_HIUPC_DoubleEG5_NotMBHF2AND_v1	L1_DoubleEG5_NotMinimumBiasHF2_AND_BptxAND	HIForward	2.1	1	2.08	2.1	1	2.08	2.6	1	2.6	2.6	1	2.6	3.4	1	3.38	3.4	1	3.38	4.2	1	4.16	4.2	1	4.16	5.2	1	5.2	5.2	1	5.2	6	1	5.98	6	1	5.98	6.8	1	6.76	6.8	1	6.76	7.8	1	7.8	7.8	1	7.8	100
	HLT_HIUPC_DoubleEG5_BptxAND_SinglePixelTrack_MaxPixelTrack_v1	L1_DoubleEG5_BptxAND	HIForward	48	0	#DIV/0!	#DIV/0!	0	#DIV/0!	60	0	#DIV/0!	#DIV/0!	0	#DIV/0!	78	0	#DIV/0!	#DIV/0!	0	#DIV/0!	96	0	#DIV/0!	#DIV/0!	0	#DIV/0!	120	0	#DIV/0!	#DIV/0!	0	#DIV/0!	138	0	#DIV/0!	#DIV/0!	0	#DIV/0!	156	0	#DIV/0!	#DIV/0!	0	#DIV/0!	180	0	#DIV/0!	#DIV/0!	0	#DIV/0!	100
	HLT_HIUPC_DoubleEG5_NotMBHF2OR_SinglePixelTrack_v1	L1_DoubleEG5_NotMinimumBiasHF2_OR_BptxAND	HIForward	0.1	1	0.08	0	1	0.04	0.1	1	0.1	0.1	1	0.05	0.1	1	0.13	0.1	1	0.065	0.2	1	0.16	0.1	1	0.08	0.2	1	0.2	0.1	1	0.1	0.2	1	0.23	0.1	1	0.115	0.3	1	0.26	0.1	1	0.13	0.3	1	0.3	0.2	1	0.15	100
	HLT_HIUPC_DoubleEG5_NotMBHF2OR_v1	L1_DoubleEG5_NotMinimumBiasHF2_OR_BptxAND	HIForward	0.1	1	0.08	0.1	1	0.08	0.1	1	0.1	0.1	1	0.1	0.1	1	0.13	0.1	1	0.13	0.2	1	0.16	0.2	1	0.16	0.2	1	0.2	0.2	1	0.2	0.2	1	0.23	0.2	1	0.23	0.3	1	0.26	0.3	1	0.26	0.3	1	0.3	0.3	1	0.3	100
	HLT_HIUPC_SingleEG5_NotMBHF2OR_SinglePixelTrack_MaxPixelTrack_v1	L1_SingleEG5_NotMinimumBiasHF2_OR_BptxAND	HIForward	0.5	1	0.48	0	1	0.008	0.6	1	0.6	0	1	0.01	0.8	1	0.78	0	1	0.013	1	1	0.96	0	1	0.016	1.2	1	1.2	0	1	0.02	1.4	1	1.38	0	1	0.023	1.6	1	1.56	0	1	0.026	1.8	1	1.8	0	1	0.03	100
	HLT_HIUPC_SingleEG5_NotMBHF2AND_SinglePixelTrack_MaxPixelTrack_v1	L1_SingleEG5_NotMinimumBiasHF2_AND_BptxAND	HIForward	14.4	1	14.4	0	1	0.0208	18	1	18	0	1	0.026	23.4	1	23.4	0	1	0.0338	28.8	1	28.8	0	1	0.0416	36	1	36	0.1	1	0.052	41.4	1	41.4	0.1	1	0.0598	46.8	1	46.8	0.1	1	0.0676	54	1	54	0.1	1	0.078	100
	HLT_HIUPC_SingleEG5_NotMBHF2AND_SinglePixelTrack_v1	L1_SingleEG5_NotMinimumBiasHF2_AND_BptxAND	HIForward	14.4	1	14.4	9.6	1	9.6	18	1	18	12	1	12	23.4	1	23.4	15.6	1	15.6	28.8	1	28.8	19.2	1	19.2	36	1	36	24	1	24	41.4	1	41.4	27.6	1	27.6	46.8	1	46.8	31.2	1	31.2	54	1	54	36	1	36	100
	HLT_HIUPC_SingleEG5_NotMBHF2AND_v1	L1_SingleEG5_NotMinimumBiasHF2_AND_BptxAND	HIForward	14.4	1	14.4	14.4	1	14.4	18	1	18	18	1	18	23.4	1	23.4	23.4	1	23.4	28.8	1	28.8	28.8	1	28.8	36	1	36	36	1	36	41.4	1	41.4	41.4	1	41.4	46.8	1	46.8	46.8	1	46.8	54	1	54	54	1	54	100
	HLT_HIUPC_SingleEG5_BptxAND_SinglePixelTrack_MaxPixelTrack_v1	L1_SingleEG5_BptxAND	HIForward	320	0	#DIV/0!	#DIV/0!	0	#DIV/0!	400	0	#DIV/0!	#DIV/0!	0	#DIV/0!	520	0	#DIV/0!	#DIV/0!	0	#DIV/0!	640	0	#DIV/0!	#DIV/0!	0	#DIV/0!	800	0	#DIV/0!	#DIV/0!	0	#DIV/0!	920	0	#DIV/0!	#DIV/0!	0	#DIV/0!	1040	0	#DIV/0!	#DIV/0!	0	#DIV/0!	1200	0	#DIV/0!	#DIV/0!	0	#DIV/0!	100
	HLT_HIUPC_SingleEG5_NotMBHF2OR_SinglePixelTrack_v1	L1_SingleEG5_NotMinimumBiasHF2_OR_BptxAND	HIForward	0.5	1	0.48	0.3	1	0.32	0.6	1	0.6	0.4	1	0.4	0.8	1	0.78	0.5	1	0.52	1	1	0.96	0.6	1	0.64	1.2	1	1.2	0.8	1	0.8	1.4	1	1.38	0.9	1	0.92	1.6	1	1.56	1	1	1.04	1.8	1	1.8	1.2	1	1.2	100
	HLT_HIUPC_SingleEG5_NotMBHF2OR_v1	L1_SingleEG5_NotMinimumBiasHF2_OR_BptxAND	HIForward	0.5	1	0.48	0.5	1	0.48	0.6	1	0.6	0.6	1	0.6	0.8	1	0.78	0.8	1	0.78	1	1	0.96	1	1	0.96	1.2	1	1.2	1.2	1	1.2	1.4	1	1.38	1.4	1	1.38	1.6	1	1.56	1.6	1	1.56	1.8	1	1.8	1.8	1	1.8	100
	HLT_HIUPC_SingleEG3_NotMBHF2OR_SinglePixelTrack_MaxPixelTrack_v1	L1_SingleEG3_NotMinimumBiasHF2_OR_BptxAND	HIForward	9.6	1	9.6	0.1	1	0.08	12	1	12	0.1	1	0.1	15.6	1	15.6	0.1	1	0.13	19.2	1	19.2	0.2	1	0.16	24	1	24	0.2	1	0.2	27.6	1	27.6	0.2	1	0.23	31.2	1	31.2	0.3	1	0.26	36	1	36	0.3	1	0.3	100
	HLT_HIUPC_SingleEG3_NotMBHF2AND_SinglePixelTrack_MaxPixelTrack_v1	L1_SingleEG3_NotMinimumBiasHF2_AND_BptxAND	HIForward	28.8	1	28.8	1.4	1	1.44	36	1	36	1.8	1	1.8	46.8	1	46.8	2.3	1	2.34	57.6	1	57.6	2.9	1	2.88	72	1	72	3.6	1	3.6	82.8	1	82.8	4.1	1	4.14	93.6	1	93.6	4.7	1	4.68	108	1	108	5.4	1	5.4	100
	HLT_HIUPC_SingleEG3_NotMBHF2AND_SinglePixelTrack_v1	L1_SingleEG3_NotMinimumBiasHF2_AND_BptxAND	HIForward	28.8	1	28.8	13	1	12.96	36	1	36	16.2	1	16.2	46.8	1	46.8	21.1	1	21.06	57.6	1	57.6	25.9	1	25.92	72	1	72	32.4	1	32.4	82.8	1	82.8	37.3	1	37.26	93.6	1	93.6	42.1	1	42.12	108	1	108	48.6	1	48.6	100
	HLT_HIUPC_SingleEG3_NotMBHF2AND_v1	L1_SingleEG3_NotMinimumBiasHF2_AND_BptxAND	HIForward	28.8	1	28.8	28.8	1	28.8	36	1	36	36	1	36	46.8	1	46.8	46.8	1	46.8	57.6	1	57.6	57.6	1	57.6	72	1	72	72	1	72	82.8	1	82.8	82.8	1	82.8	93.6	1	93.6	93.6	1	93.6	108	1	108	108	1	108	100
	HLT_HIUPC_SingleEG3_BptxAND_SinglePixelTrack_MaxPixelTrack_v1	L1_SingleEG3_BptxAND	HIForward	640	0	#DIV/0!	#DIV/0!	0	#DIV/0!	800	0	#DIV/0!	#DIV/0!	0	#DIV/0!	1040	0	#DIV/0!	#DIV/0!	0	#DIV/0!	1280	0	#DIV/0!	#DIV/0!	0	#DIV/0!	1600	0	#DIV/0!	#DIV/0!	0	#DIV/0!	1840	0	#DIV/0!	#DIV/0!	0	#DIV/0!	2080	0	#DIV/0!	#DIV/0!	0	#DIV/0!	2400	0	#DIV/0!	#DIV/0!	0	#DIV/0!	100
	HLT_HIUPC_SingleEG3_NotMBHF2OR_SinglePixelTrack_v1	L1_SingleEG3_NotMinimumBiasHF2_OR_BptxAND	HIForward	9.6	1	9.6	7.2	1	7.2	12	1	12	9	1	9	15.6	1	15.6	11.7	1	11.7	19.2	1	19.2	14.4	1	14.4	24	1	24	18	1	18	27.6	1	27.6	20.7	1	20.7	31.2	1	31.2	23.4	1	23.4	36	1	36	27	1	27	100
	HLT_HIUPC_SingleEG3_NotMBHF2OR_v1	L1_SingleEG3_NotMinimumBiasHF2_OR_BptxAND	HIForward	9.6	1	9.6	9.6	1	9.6	12	1	12	12	1	12	15.6	1	15.6	15.6	1	15.6	19.2	1	19.2	19.2	1	19.2	24	1	24	24	1	24	27.6	1	27.6	27.6	1	27.6	31.2	1	31.2	31.2	1	31.2	36	1	36	36	1	36	100
																																																				
	HLT_HIUPC_ZeroBias_SinglePixelTrack_v1	L1_ZeroBias	HIForward	1600000	8000	200	200	1	200	2000000	10000	200	200	1	200	2600000	13000	200	200	1	200	3200000	16000	200	200	1	200	4000000	20000	200	200	1	200	4600000	23000	200	200	1	200	5200000	26000	200	200	1	200	6000000	30000	200	200	1	200	100