0    0.5    1976.95
0.5    1    1944.02
1    1.5    1927.29
1.5    2    1891.9
2    2.5    1845.3
2.5    3    1807.2
3    3.5    1760.45
3.5    4    1729.18
4    4.5    1674.8
4.5    5    1630.3
5    5.5    1590.52
5.5    6    1561.72
6    6.5    1516.1
6.5    7    1486.5
7    7.5    1444.68
7.5    8    1410.88
8    8.5    1376.4
8.5    9    1347.32
9    9.5    1309.71
9.5    10    1279.98
10    10.5    1255.31
10.5    11    1219.89
11    11.5    1195.13
11.5    12    1165.96
12    12.5    1138.92
12.5    13    1113.37
13    13.5    1082.26
13.5    14    1062.42
14    14.5    1030.6
14.5    15    1009.96
15    15.5    980.229
15.5    16    955.443
16    16.5    936.501
16.5    17    915.97
17    17.5    892.063
17.5    18    871.289
18    18.5    847.364
18.5    19    825.127
19    19.5    806.584
19.5    20    789.163
20    20.5    765.42
20.5    21    751.187
21    21.5    733.001
21.5    22    708.31
22    22.5    690.972
22.5    23    677.711
23    23.5    660.682
23.5    24    640.431
24    24.5    623.839
24.5    25    607.456
25    25.5    593.307
25.5    26    576.364
26    26.5    560.967
26.5    27    548.909
27    27.5    530.475
27.5    28    519.575
28    28.5    505.105
28.5    29    490.027
29    29.5    478.133
29.5    30    462.372
30    30.5    451.115
30.5    31    442.642
31    31.5    425.76
31.5    32    416.364
32    32.5    405.154
32.5    33    392.688
33    33.5    380.565
33.5    34    371.167
34    34.5    360.28
34.5    35    348.239
35    35.5    340.587
35.5    36    328.746
36    36.5    320.268
36.5    37    311.752
37    37.5    300.742
37.5    38    292.172
38    38.5    281.361
38.5    39    274.249
39    39.5    267.025
39.5    40    258.625
40    40.5    249.931
40.5    41    240.497
41    41.5    235.423
41.5    42    228.63
42    42.5    219.854
42.5    43    214.004
43    43.5    205.425
43.5    44    199.114
44    44.5    193.618
44.5    45    185.644
45    45.5    180.923
45.5    46    174.289
46    46.5    169.641
46.5    47    161.016
47    47.5    157.398
47.5    48    152.151
48    48.5    147.425
48.5    49    140.933
49    49.5    135.924
49.5    50    132.365
50    50.5    127.017
50.5    51    122.127
51    51.5    117.817
51.5    52    113.076
52    52.5    109.055
52.5    53    105.16
53    53.5    101.323
53.5    54    98.098
54    54.5    95.0548
54.5    55    90.729
55    55.5    87.6495
55.5    56    84.0899
56    56.5    80.2237
56.5    57    77.2201
57    57.5    74.8848
57.5    58    71.3554
58    58.5    68.7745
58.5    59    65.9911
59    59.5    63.4136
59.5    60    61.3859
60    60.5    58.1903
60.5    61    56.4155
61    61.5    53.8486
61.5    62    52.0196
62    62.5    49.2921
62.5    63    47.0735
63    63.5    45.4345
63.5    64    43.8434
64    64.5    41.7181
64.5    65    39.8988
65    65.5    38.2262
65.5    66    36.4435
66    66.5    34.8984
66.5    67    33.4664
67    67.5    31.8056
67.5    68    30.351
68    68.5    29.2074
68.5    69    27.6924
69    69.5    26.7754
69.5    70    25.4965
70    70.5    24.2802
70.5    71    22.9651
71    71.5    22.0059
71.5    72    21.0915
72    72.5    19.9129
72.5    73    19.1041
73    73.5    18.1487
73.5    74    17.3218
74    74.5    16.5957
74.5    75    15.5323
75    75.5    14.8035
75.5    76    14.2514
76    76.5    13.3782
76.5    77    12.8667
77    77.5    12.2891
77.5    78    11.61
78    78.5    11.0026
78.5    79    10.3747
79    79.5    9.90294
79.5    80    9.42648
80    80.5    8.85324
80.5    81    8.50121
81    81.5    7.89834
81.5    82    7.65197
82    82.5    7.22768
82.5    83    6.7755
83    83.5    6.34855
83.5    84    5.98336
84    84.5    5.76555
84.5    85    5.38056
85    85.5    5.11024
85.5    86    4.7748
86    86.5    4.59117
86.5    87    4.23247
87    87.5    4.00814
87.5    88    3.79607
88    88.5    3.68702
88.5    89    3.3767
89    89.5    3.16309
89.5    90    2.98282
90    90.5    2.8095
90.5    91    2.65875
91    91.5    2.50561
91.5    92    2.32516
92    92.5    2.16357
92.5    93    2.03235
93    93.5    1.84061
93.5    94    1.72628
94    94.5    1.62305
94.5    95    1.48916
95    95.5    1.38784
95.5    96    1.28366
96    96.5    1.24693
96.5    97    1.18552
97    97.5    1.16085
97.5    98    1.12596
98    98.5    1.09298
98.5    99    1.07402
99    99.5    1.06105
99.5    100    1.02954